step,system_total_running,system_total_backlogged,system_total_stopped,system_total_arrived,system_total_departed,system_total_teleported,system_total_waiting_time,system_mean_waiting_time,system_mean_speed,t_stopped,t_accumulated_waiting_time,t_average_speed,agents_total_stopped,agents_total_accumulated_waiting_time
0.0,0,0,0,0,0,0,0.0,0.0,0.0,0,0.0,1.0,0,0.0
5.0,12,0,0,0,12,0,0.0,0.0,13.111841206641008,0,0.0,0.915412786559339,0,0.0
10.0,12,0,0,0,12,0,0.0,0.0,11.147463398685014,0,0.0,0.7914558654563427,0,0.0
15.0,18,0,6,0,18,0,10.0,0.5555555555555556,7.038241699008584,6,10.0,0.3876266267443027,6,10.0
20.0,18,0,4,0,18,0,28.0,1.5555555555555556,7.83791645342812,4,30.0,0.46783906852628787,4,30.0
25.0,22,0,4,2,24,0,48.0,2.1818181818181817,7.993069089566432,4,48.0,0.4351294820376662,4,48.0
30.0,20,0,6,4,24,0,48.0,2.4,7.24089443211935,6,52.0,0.38787501843180194,6,52.0
35.0,20,0,8,8,28,0,83.0,4.15,6.1673290760063315,8,83.0,0.2946336479889584,8,83.0
40.0,26,0,5,8,34,0,65.0,2.5,7.829072546768478,5,99.0,0.49758118596016737,5,99.0
45.0,27,0,3,11,38,0,70.0,2.5925925925925926,9.388646765412428,3,80.0,0.6022453011414642,3,80.0
50.0,27,0,4,13,40,0,16.0,0.5925925925925926,7.30672828549596,4,21.0,0.35476027781757674,4,21.0
55.0,27,0,12,17,44,0,66.0,2.4444444444444446,5.844028718644497,12,71.0,0.26195703868254616,12,71.0
60.0,23,0,10,21,44,0,88.0,3.8260869565217392,3.8090007144862135,10,113.0,0.21319303700330833,10,113.0
65.0,28,0,9,22,50,0,118.0,4.214285714285714,6.019007986794013,9,131.0,0.34688158295657373,9,131.0
70.0,28,0,7,22,50,0,83.0,2.9642857142857144,5.985520925217989,7,128.0,0.2937544571567502,7,128.0
75.0,35,0,12,27,62,0,135.0,3.857142857142857,6.853570729932673,12,148.0,0.4080256300116198,12,148.0
80.0,34,0,9,28,62,0,140.0,4.117647058823529,7.435161901491191,9,177.0,0.44713029720728625,9,177.0
85.0,36,0,5,32,68,0,135.0,3.75,7.045676216803533,5,158.0,0.3767888792201024,5,158.0
90.0,33,0,9,35,68,0,26.0,0.7878787878787878,6.247783643381666,9,130.0,0.292610624476917,9,130.0
95.0,31,0,13,41,72,0,71.0,2.2903225806451615,5.588649517013811,13,94.0,0.20954305869108988,13,94.0
100.0,32,0,12,42,74,0,90.0,2.8125,6.020256919082703,12,132.0,0.25614986584235866,12,132.0
105.0,31,0,6,47,78,0,92.0,2.967741935483871,6.745710997243102,6,127.0,0.34280395765366545,6,127.0
110.0,35,0,6,49,84,0,122.0,3.4857142857142858,8.409329615638004,6,127.0,0.45275361352375265,6,127.0
115.0,31,2,4,55,86,0,61.0,1.967741935483871,6.957356009523371,4,108.0,0.41083583856925576,4,108.0
120.0,29,0,11,59,88,0,102.0,3.5172413793103448,7.306194945756979,11,107.0,0.4242425404537383,11,107.0
125.0,31,2,9,61,92,0,103.0,3.3225806451612905,5.30897613788204,9,133.0,0.22655001727814347,9,133.0
130.0,29,0,8,65,94,0,122.0,4.206896551724138,6.707804548753218,8,146.0,0.32853545781955035,8,146.0
135.0,31,2,9,67,98,0,74.0,2.3870967741935485,6.5258867882948435,9,92.0,0.27829977713451065,9,92.0
140.0,27,0,16,73,100,0,139.0,5.148148148148148,4.4772863047013605,16,157.0,0.21770454128163128,16,157.0
145.0,31,3,14,74,105,0,173.0,5.580645161290323,4.030793997026419,14,212.0,0.22791957725214645,14,212.0
150.0,36,0,11,76,112,0,200.0,5.555555555555555,7.109836032827639,11,234.0,0.4475379979918938,11,234.0
155.0,36,0,8,76,112,0,127.0,3.5277777777777777,5.398330251090105,8,221.0,0.2761780486908947,8,221.0
160.0,38,0,17,80,118,0,193.0,5.078947368421052,5.024728035570488,17,231.0,0.23264614819346113,17,231.0
165.0,36,0,18,82,118,0,241.0,6.694444444444445,3.3896096982822046,18,295.0,0.07331473522858765,18,295.0
170.0,37,0,15,87,124,0,287.0,7.756756756756757,5.5488732613095095,15,333.0,0.26531010464817667,15,333.0
175.0,36,0,9,88,124,0,112.0,3.111111111111111,5.647580417885099,9,279.0,0.21296846752973878,9,279.0
180.0,34,0,11,94,128,0,106.0,3.1176470588235294,5.1932527601259535,11,192.0,0.23775699622132895,11,192.0
185.0,38,0,11,96,134,0,125.0,3.289473684210526,5.000625748944493,11,207.0,0.2545122474835273,11,207.0
190.0,39,0,10,99,138,0,146.0,3.7435897435897436,6.787520431880637,10,223.0,0.36360023603714425,10,223.0
195.0,37,0,11,103,140,0,127.0,3.4324324324324325,4.31842843024205,11,206.0,0.17921187507494218,11,206.0
200.0,37,0,23,107,144,0,223.0,6.027027027027027,3.5046961529359337,23,302.0,0.16532919183920566,23,302.0
205.0,37,0,22,109,146,0,288.0,7.783783783783784,2.316696579123323,22,384.0,0.10443764932047282,22,384.0
210.0,39,0,17,111,150,0,331.0,8.487179487179487,4.381575142054245,17,430.0,0.2232350071242016,17,430.0
215.0,39,0,15,111,150,0,400.0,10.256410256410257,5.596295275824259,15,465.0,0.18268272690518375,15,465.0
220.0,47,0,12,115,162,0,280.0,5.957446808510638,6.287807230951994,12,435.0,0.3624554981124477,12,435.0
225.0,43,0,12,119,162,0,263.0,6.116279069767442,6.651988666217568,12,356.0,0.3733482282824328,12,356.0
230.0,45,0,12,123,168,0,290.0,6.444444444444445,4.416956093223074,12,386.0,0.19282069846136482,12,386.0
235.0,41,0,18,127,168,0,350.0,8.536585365853659,5.154770218815232,18,435.0,0.22681794818241666,18,435.0
240.0,42,0,16,130,172,0,117.0,2.7857142857142856,4.575201749083204,16,368.0,0.1863104859535345,16,368.0
245.0,40,0,19,134,174,0,164.0,4.1,4.918065063707117,19,282.0,0.21552152491756674,19,282.0
250.0,41,0,21,137,178,0,215.0,5.2439024390243905,3.606754297608985,21,356.0,0.14799194200675608,21,356.0
255.0,44,0,16,140,184,0,262.0,5.954545454545454,5.51274788941289,16,406.0,0.273589541716211,16,406.0
260.0,45,0,13,143,188,0,289.0,6.4222222222222225,5.9615861157536365,13,426.0,0.3250060006712997,13,426.0
265.0,42,0,21,148,190,0,383.0,9.119047619047619,4.847275095006562,21,484.0,0.1921633026950226,21,484.0
270.0,44,0,24,150,194,0,457.0,10.386363636363637,4.312195441127807,24,571.0,0.17987952442347105,24,571.0
275.0,39,0,17,155,194,0,506.0,12.974358974358974,4.41058323471613,17,624.0,0.17175377263015593,17,624.0
280.0,43,0,13,157,200,0,303.0,7.046511627906977,5.327066089707552,13,562.0,0.26127652049334776,13,562.0
285.0,39,0,13,161,200,0,171.0,4.384615384615385,4.7640658523959445,13,414.0,0.20550481852064761,13,414.0
290.0,46,2,15,164,210,0,181.0,3.9347826086956523,5.111364834114539,15,447.0,0.29511491337511336,15,447.0
295.0,45,0,12,167,212,0,203.0,4.511111111111111,6.335877416644007,12,464.0,0.36052886780234955,12,464.0
300.0,44,2,15,170,214,0,133.0,3.022727272727273,5.080051690089378,15,386.0,0.24352789040702943,15,386.0
305.0,42,0,25,176,218,0,236.0,5.619047619047619,3.3259249614742106,25,489.0,0.1590861911418826,25,489.0
310.0,43,2,24,177,220,0,317.0,7.372093023255814,2.390832944204838,24,582.0,0.09722486351931882,24,582.0
315.0,44,0,21,180,224,0,386.0,8.772727272727273,4.037419394441612,21,645.0,0.19776798941827933,21,645.0
320.0,46,2,19,180,226,0,476.0,10.347826086956522,5.653167525137292,19,695.0,0.21232089660585785,19,695.0
325.0,47,2,21,185,232,0,574.0,12.212765957446809,6.955595773424237,21,777.0,0.3309888470611035,21,777.0
330.0,44,0,21,190,234,0,679.0,15.431818181818182,6.648880448085137,21,880.0,0.289403785248516,21,880.0
335.0,41,0,18,197,238,0,591.0,14.414634146341463,4.1550008875650555,18,883.0,0.16614376321760466,18,883.0
340.0,39,0,21,201,240,0,694.0,17.794871794871796,4.88315188900698,21,895.0,0.2106841193204601,21,895.0
345.0,40,0,21,204,244,0,777.0,19.425,3.791698184943372,21,986.0,0.1388188031247617,21,986.0
350.0,38,0,23,208,246,0,892.0,23.473684210526315,4.192568120576297,23,1093.0,0.160861981939043,23,1093.0
355.0,40,0,18,210,250,0,612.0,15.3,4.031321550034713,18,996.0,0.1678222213617846,18,996.0
360.0,36,0,14,214,250,0,175.0,4.861111111111111,4.561473355034799,14,643.0,0.1785138579147426,14,643.0
365.0,46,0,11,216,262,0,119.0,2.5869565217391304,7.107726829867122,11,397.0,0.41295568388852893,11,397.0
370.0,43,0,12,219,262,0,178.0,4.1395348837209305,7.745074675370208,12,251.0,0.4411235659412636,12,251.0
375.0,43,0,11,225,268,0,136.0,3.1627906976744184,4.871791351138862,11,255.0,0.22710170604762941,11,255.0
380.0,39,0,15,229,268,0,165.0,4.230769230769231,5.240693992867639,15,266.0,0.21504251389897908,15,266.0
385.0,41,0,14,233,274,0,98.0,2.3902439024390243,5.7692271578999605,14,243.0,0.2772138125561935,14,243.0
390.0,35,0,17,239,274,0,152.0,4.3428571428571425,4.447610893006894,17,251.0,0.1614150393231548,17,251.0
395.0,37,0,16,241,278,0,197.0,5.324324324324325,4.257046476756685,16,302.0,0.15250982018073844,16,302.0
400.0,39,0,13,245,284,0,240.0,6.153846153846154,5.099444895939282,13,339.0,0.25576667312590173,13,339.0
405.0,41,0,14,247,288,0,251.0,6.121951219512195,5.437393309534316,14,350.0,0.3108881627757351,14,350.0
410.0,40,0,21,250,290,0,344.0,8.6,3.344365473033352,21,443.0,0.16163389918245535,21,443.0
415.0,41,0,26,253,294,0,423.0,10.317073170731707,2.7025689471551857,26,543.0,0.14861426069766628,26,543.0
420.0,39,0,19,255,294,0,473.0,12.128205128205128,3.2611717831319935,19,603.0,0.12491082525793668,19,603.0
425.0,45,0,16,255,300,0,286.0,6.355555555555555,4.641384449874147,16,562.0,0.22982154864909426,16,562.0
430.0,41,0,15,259,300,0,151.0,3.682926829268293,3.9594482179192476,15,431.0,0.14658224010333706,15,431.0
435.0,51,0,18,261,312,0,183.0,3.588235294117647,5.273344021742375,18,479.0,0.2971795924641411,18,479.0
440.0,48,0,16,264,312,0,213.0,4.4375,5.365155903621698,16,509.0,0.2880749482579827,16,509.0
445.0,51,0,16,267,318,0,104.0,2.0392156862745097,4.492525541197444,16,495.0,0.22213631041760723,16,495.0
450.0,45,0,23,273,318,0,200.0,4.444444444444445,3.511593873261644,23,495.0,0.16151058595606624,23,495.0
455.0,49,0,25,273,322,0,270.0,5.510204081632653,3.3090987150722113,25,572.0,0.10310821483510843,25,572.0
460.0,46,0,23,278,324,0,341.0,7.413043478260869,3.5606486925319554,23,631.0,0.14511433259718878,23,631.0
465.0,47,1,19,280,327,0,414.0,8.808510638297872,5.025654304861546,19,661.0,0.1945422014526744,19,661.0
470.0,50,0,14,284,334,0,294.0,5.88,5.545626011935284,14,598.0,0.3059183709388129,14,598.0
475.0,48,2,12,288,336,0,133.0,2.7708333333333335,5.800220572440754,12,378.0,0.3032092016921167,12,378.0
480.0,46,0,16,292,338,0,191.0,4.1521739130434785,5.765549809755773,16,297.0,0.26599753785399904,16,297.0
485.0,47,2,20,295,342,0,213.0,4.531914893617022,4.070701432969086,20,323.0,0.14809092222072406,20,323.0
490.0,44,0,18,300,344,0,230.0,5.2272727272727275,5.130553511807753,18,354.0,0.2105738243638525,18,354.0
495.0,43,2,11,305,348,0,146.0,3.395348837209302,4.85783448026827,11,329.0,0.22161458778822865,11,329.0
500.0,40,0,18,310,350,0,219.0,5.475,4.111493645948391,18,361.0,0.1694518915181002,18,361.0
505.0,44,2,18,312,356,0,268.0,6.090909090909091,4.273857007608173,18,414.0,0.19371970600599575,18,414.0
510.0,46,0,16,316,362,0,297.0,6.456521739130435,5.904458028541511,16,434.0,0.3519934686445474,16,434.0
515.0,44,0,14,318,362,0,220.0,5.0,3.92638479542902,14,374.0,0.16483250132215344,14,374.0
520.0,45,0,23,323,368,0,317.0,7.044444444444444,3.1756536002838356,23,471.0,0.15396339037187814,23,471.0
525.0,44,0,24,324,368,0,389.0,8.840909090909092,1.9256020247408727,24,553.0,0.05267704774717526,24,553.0
530.0,46,0,23,328,374,0,445.0,9.673913043478262,3.4617415314075326,23,587.0,0.1793083082593055,23,587.0
535.0,46,0,18,328,374,0,512.0,11.130434782608695,4.905515732742063,18,614.0,0.17410643931658115,18,614.0
540.0,47,0,14,331,378,0,280.0,5.957446808510638,4.532607362603777,14,561.0,0.18930174275035025,14,561.0
545.0,48,0,13,336,384,0,141.0,2.9375,5.34955505237906,13,413.0,0.2819948334035229,13,413.0
550.0,48,0,14,340,388,0,164.0,3.4166666666666665,4.363214858985374,14,415.0,0.22124205401483815,14,415.0
555.0,47,0,19,343,390,0,198.0,4.212765957446808,3.8503780270183525,19,447.0,0.1327257899415099,19,447.0
560.0,48,0,14,346,394,0,96.0,2.0,4.637478850553006,14,438.0,0.21009769087657734,14,438.0
565.0,45,0,21,351,396,0,167.0,3.7111111111111112,4.080979452350271,21,431.0,0.1561579227808269,21,431.0
570.0,46,0,21,354,400,0,231.0,5.021739130434782,4.105278338077514,21,495.0,0.15770015668393395,21,495.0
575.0,43,0,18,357,400,0,274.0,6.372093023255814,3.525647104092745,18,536.0,0.07253222434219704,18,536.0
580.0,51,0,16,361,412,0,339.0,6.647058823529412,7.078502920376004,16,560.0,0.3634226981280651,16,560.0
585.0,47,0,11,365,412,0,206.0,4.382978723404255,5.798687421698433,11,488.0,0.2919815954010964,11,488.0
590.0,48,0,13,370,418,0,59.0,1.2291666666666667,5.11965329088208,13,255.0,0.23925093679321036,13,255.0
595.0,45,0,21,373,418,0,142.0,3.1555555555555554,4.916809600491334,21,239.0,0.17546666068780592,21,239.0
600.0,46,0,23,376,422,0,176.0,3.8260869565217392,3.9241570088585918,23,307.0,0.13233725502874555,23,307.0
605.0,42,0,17,382,424,0,183.0,4.357142857142857,4.166123238976062,17,343.0,0.13445420615139053,17,343.0
610.0,43,0,12,385,428,0,113.0,2.627906976744186,4.325201119622489,12,355.0,0.19046391045519348,12,355.0
615.0,45,0,19,389,434,0,189.0,4.2,3.9965032332063584,19,379.0,0.18978297623356355,19,379.0
620.0,47,0,20,391,438,0,241.0,5.127659574468085,4.651227313704591,20,438.0,0.2585807057619024,20,438.0
625.0,44,0,15,396,440,0,264.0,6.0,4.007415252859135,15,424.0,0.19240437118699588,15,424.0
630.0,48,0,17,396,444,0,320.0,6.666666666666667,6.098443460465951,17,436.0,0.2663305802831041,17,436.0
635.0,43,0,13,401,444,0,201.0,4.674418604651163,4.9919412391869,13,399.0,0.21594483390014518,13,399.0
640.0,44,0,13,406,450,0,181.0,4.113636363636363,5.684664836760242,13,321.0,0.2978450553188468,13,321.0
645.0,41,0,17,409,450,0,214.0,5.219512195121951,3.760679542750104,17,366.0,0.13527261366666243,17,366.0
650.0,46,3,16,413,459,0,253.0,5.5,5.253973278911969,16,391.0,0.276578473559263,16,391.0
655.0,47,0,12,415,462,0,209.0,4.446808510638298,5.735828023877199,12,395.0,0.3335381522177416,12,395.0
660.0,43,2,19,421,464,0,286.0,6.651162790697675,4.4252083578239025,19,422.0,0.26286980760784057,19,422.0
665.0,46,0,21,422,468,0,347.0,7.543478260869565,3.3984938577556214,21,496.0,0.1510204889036786,21,496.0
670.0,44,2,21,426,470,0,406.0,9.227272727272727,3.28190548365717,21,542.0,0.11276518822130477,21,542.0
675.0,47,0,18,427,474,0,305.0,6.48936170212766,4.424712635675092,18,470.0,0.19275308836433924,18,470.0
680.0,45,2,24,431,476,0,412.0,9.155555555555555,3.4573911555334935,24,561.0,0.12131105304882288,24,561.0
685.0,47,3,27,434,481,0,496.0,10.553191489361701,3.0255702848194295,27,659.0,0.15316818516773567,27,659.0
690.0,48,0,21,436,484,0,552.0,11.5,4.052117141115661,21,719.0,0.1970815936672779,21,719.0
695.0,50,0,18,438,488,0,631.0,12.62,5.448133905537035,18,762.0,0.22849907942498907,18,762.0
700.0,49,0,18,441,490,0,396.0,8.081632653061224,4.711404207964698,18,700.0,0.1916045868215398,18,700.0
705.0,47,0,14,447,494,0,174.0,3.702127659574468,4.373192257448453,14,471.0,0.17424407140285253,14,471.0
710.0,46,0,16,450,496,0,201.0,4.369565217391305,3.5508277718699763,16,520.0,0.1407682456055093,16,520.0
715.0,47,0,17,453,500,0,252.0,5.361702127659575,4.722411407154381,17,562.0,0.2025136351156586,17,562.0
720.0,43,0,15,457,500,0,113.0,2.627906976744186,3.6828827714245325,15,540.0,0.10528300747482917,15,540.0
725.0,49,0,21,463,512,0,183.0,3.7346938775510203,5.020260161497143,21,523.0,0.29313939468481276,21,523.0
730.0,48,0,21,464,512,0,246.0,5.125,3.9323080471552103,21,581.0,0.18441905928811453,21,581.0
735.0,51,0,20,467,518,0,302.0,5.921568627450981,4.471206440119826,20,631.0,0.19235378032333583,20,631.0
740.0,47,0,23,471,518,0,393.0,8.361702127659575,3.0479414593377148,23,734.0,0.08736144688361441,23,734.0
745.0,48,0,30,476,524,0,524.0,10.916666666666666,2.698173546293576,30,867.0,0.13352992760475757,30,867.0
750.0,47,0,29,477,524,0,626.0,13.319148936170214,1.6547541662496792,29,981.0,0.06429052457902558,29,981.0
755.0,49,0,27,479,528,0,714.0,14.571428571428571,2.912539390331728,27,1061.0,0.11484880928805599,27,1061.0
760.0,55,0,25,479,534,0,818.0,14.872727272727273,5.161890829438658,25,1134.0,0.21114507860410547,25,1134.0
765.0,53,0,25,485,538,0,933.0,17.60377358490566,5.776152736029986,25,1214.0,0.2692239951678756,25,1214.0
770.0,53,0,26,487,540,0,1060.0,20.0,5.622045442682894,26,1322.0,0.1864104577399266,26,1322.0
775.0,48,0,24,496,544,0,1033.0,21.520833333333332,3.8817228728677478,24,1379.0,0.18172889216201532,24,1379.0
780.0,44,0,29,500,544,0,1153.0,26.204545454545453,3.4556733700572977,29,1424.0,0.12613809696333234,29,1424.0
785.0,49,0,25,501,550,0,851.0,17.367346938775512,3.877460165342833,25,1315.0,0.13687663916791598,25,1315.0
790.0,45,0,21,505,550,0,316.0,7.022222222222222,4.115976419210742,21,1015.0,0.14532571807426384,21,1015.0
795.0,53,0,13,509,562,0,89.0,1.679245283018868,5.089148891527678,13,1059.0,0.30659505846537727,13,1059.0
800.0,50,0,12,512,562,0,59.0,1.18,5.85337621474622,12,1041.0,0.31710050684739943,12,1041.0
805.0,53,0,16,515,568,0,111.0,2.0943396226415096,6.184098982411943,16,1069.0,0.2970090354687637,16,1069.0
810.0,48,0,27,520,568,0,218.0,4.541666666666667,4.16768837108551,27,1163.0,0.1634982622287259,27,1163.0
815.0,45,0,33,527,572,0,370.0,8.222222222222221,2.152624229569025,33,1315.0,0.09856680010297734,33,1315.0
820.0,46,0,31,528,574,0,494.0,10.73913043478261,2.6273245910481005,31,1453.0,0.13080514505876217,31,1453.0
825.0,48,0,29,530,578,0,616.0,12.833333333333334,3.1822285422654133,29,1555.0,0.14256630139207044,29,1555.0
830.0,54,0,29,530,584,0,761.0,14.092592592592593,5.338857159800485,29,1682.0,0.24014369772597324,29,1682.0
835.0,51,2,25,535,586,0,663.0,13.0,4.360089936543283,25,1563.0,0.2061447920068074,25,1563.0
840.0,49,0,22,539,588,0,407.0,8.306122448979592,4.093482791382417,22,1233.0,0.16848807649929237,22,1233.0
845.0,50,2,15,542,592,0,104.0,2.08,3.6311225841438204,15,1257.0,0.15873104833043034,15,1257.0
850.0,48,0,20,546,594,0,136.0,2.8333333333333335,4.055746740992113,20,1264.0,0.17967857444455845,20,1264.0
855.0,50,2,22,548,598,0,161.0,3.22,3.8720495166242954,22,1332.0,0.13108453838316336,22,1332.0
860.0,47,0,23,553,600,0,207.0,4.404255319148936,4.11191539131234,23,1389.0,0.1392655107365269,23,1389.0
865.0,50,2,25,556,606,0,326.0,6.52,5.716492219141946,25,1463.0,0.2340277442838737,25,1463.0
870.0,51,0,27,561,612,0,453.0,8.882352941176471,4.714465083385801,27,1590.0,0.2386578986860262,27,1590.0
875.0,45,0,33,567,612,0,609.0,13.533333333333333,2.669041501761762,33,1746.0,0.15598702656060376,33,1746.0
880.0,50,0,33,568,618,0,573.0,11.46,2.297239384285908,33,1642.0,0.11853396098933065,33,1642.0
885.0,50,0,28,568,618,0,415.0,8.3,2.8745654818629616,28,1327.0,0.08047566583552847,28,1327.0
890.0,54,0,21,570,624,0,211.0,3.9074074074074074,3.8721008992355688,21,1412.0,0.19232887892991132,21,1412.0
895.0,50,0,14,574,624,0,116.0,2.32,3.6025941213850716,14,1416.0,0.13565681616749403,14,1416.0
900.0,52,0,19,576,628,0,194.0,3.730769230769231,5.097611186746331,19,1438.0,0.18340725458890225,19,1438.0
905.0,54,0,27,580,634,0,314.0,5.814814814814815,5.4619817567020785,27,1528.0,0.2032980943259698,27,1528.0
910.0,53,0,28,585,638,0,336.0,6.339622641509434,4.526345802505162,28,1607.0,0.2068342427579384,28,1607.0
915.0,48,0,33,592,640,0,490.0,10.208333333333334,3.5848350574713304,33,1704.0,0.14634378525943964,33,1704.0
920.0,51,0,31,593,644,0,472.0,9.254901960784315,3.580024155464195,31,1598.0,0.10951839514362052,31,1598.0
925.0,49,0,23,597,646,0,345.0,7.040816326530612,4.699862892033108,23,1187.0,0.17444856090238214,23,1187.0
930.0,49,0,16,601,650,0,147.0,3.0,4.51749222794648,16,1146.0,0.19968836791816105,16,1146.0
935.0,45,0,7,605,650,0,27.0,0.6,5.0543547564348925,7,1123.0,0.19751639294200696,7,1123.0
940.0,53,0,14,609,662,0,83.0,1.5660377358490567,6.624210237588448,14,1133.0,0.34948743387645914,14,1133.0
945.0,49,0,21,613,662,0,175.0,3.5714285714285716,4.898101068045292,21,1225.0,0.24413887687547817,21,1225.0
950.0,49,0,31,619,668,0,313.0,6.387755102040816,2.8712337042572544,31,1363.0,0.13815575027795718,31,1363.0
955.0,47,0,33,621,668,0,351.0,7.468085106382978,1.9019340926570887,33,1313.0,0.0825434709405941,33,1313.0
960.0,50,0,28,622,672,0,304.0,6.08,3.1709839610763857,28,1067.0,0.14378102158379255,28,1067.0
965.0,51,0,16,623,674,0,171.0,3.3529411764705883,3.632981233182308,16,1052.0,0.16151476195143802,16,1052.0
970.0,51,0,12,627,678,0,102.0,2.0,4.553665857562749,12,1043.0,0.21324832357171475,12,1043.0
975.0,55,0,19,629,684,0,178.0,3.2363636363636363,6.013285025136896,19,1049.0,0.27458746586081445,19,1049.0
980.0,54,0,24,634,688,0,285.0,5.277777777777778,5.989061896687256,24,1133.0,0.25146232475043817,24,1133.0
985.0,49,0,30,641,690,0,423.0,8.63265306122449,4.460583190140988,30,1270.0,0.16538505272989612,30,1270.0
990.0,49,0,26,645,694,0,415.0,8.46938775510204,4.007482484398561,26,1343.0,0.17001778966985423,26,1343.0
995.0,44,0,29,650,694,0,538.0,12.227272727272727,3.658808746174186,29,1388.0,0.11598501457636226,29,1388.0
1000.0,48,0,24,652,700,0,484.0,10.083333333333334,4.206035687395653,24,1304.0,0.16344986122674368,24,1304.0
1005.0,44,0,20,656,700,0,296.0,6.7272727272727275,4.522733132958231,20,1018.0,0.17734478961868727,20,1018.0
1010.0,50,2,5,660,710,0,32.0,0.64,5.815155336325415,5,886.0,0.33752761432579614,5,886.0
1015.0,50,0,6,662,712,0,20.0,0.4,6.912220545581924,6,863.0,0.39490637468462336,6,863.0
1020.0,46,2,15,668,714,0,73.0,1.5869565217391304,4.735453256392468,15,908.0,0.21214077976131274,15,908.0
1025.0,46,0,33,672,718,0,202.0,4.391304347826087,2.906229827677697,33,1038.0,0.1289990684375233,33,1038.0
1030.0,45,2,31,675,720,0,317.0,7.044444444444444,1.704742924347049,31,1177.0,0.0738713097875012,31,1177.0
1035.0,48,0,28,676,724,0,436.0,9.083333333333334,3.750417662385368,28,1292.0,0.17385932011070535,28,1292.0
1040.0,50,2,29,676,726,0,578.0,11.56,4.855138820844826,29,1409.0,0.14444594394763266,29,1409.0
1045.0,50,2,30,682,732,0,728.0,14.56,5.150324249420953,30,1557.0,0.2150948848680994,30,1557.0
1050.0,47,0,30,687,734,0,878.0,18.680851063829788,4.039935568672738,30,1707.0,0.18215844831647346,30,1707.0
1055.0,46,0,32,692,738,0,1037.0,22.543478260869566,3.600608585704093,32,1866.0,0.16129160444720136,32,1866.0
1060.0,46,0,29,694,740,0,913.0,19.847826086956523,2.957493811489074,29,1781.0,0.12618012296176062,29,1781.0
1065.0,48,0,23,696,744,0,606.0,12.625,3.8700896249308077,23,1370.0,0.1506909859100602,23,1370.0
1070.0,48,0,14,698,746,0,133.0,2.7708333333333335,4.54481827684235,14,1373.0,0.22991285506937517,14,1373.0
1075.0,48,0,14,702,750,0,77.0,1.6041666666666667,4.584115268320514,14,1321.0,0.19779478830108663,14,1321.0
1080.0,45,0,19,705,750,0,113.0,2.511111111111111,3.4747770799922635,19,1379.0,0.1144502208250566,19,1379.0
1085.0,53,0,22,709,762,0,199.0,3.7547169811320753,5.421342983663521,22,1450.0,0.2799250500592348,22,1450.0
1090.0,50,0,31,712,762,0,336.0,6.72,4.056247557507277,31,1585.0,0.1846881536233371,31,1585.0
1095.0,52,0,37,716,768,0,508.0,9.76923076923077,2.6942420937220715,37,1757.0,0.11693268327029938,37,1757.0
1100.0,49,0,37,719,768,0,532.0,10.857142857142858,1.5486994868292814,37,1711.0,0.06052481287308073,37,1711.0
1105.0,53,0,31,721,774,0,443.0,8.358490566037736,3.222241255728302,31,1445.0,0.15850827385722377,31,1445.0
1110.0,53,0,18,721,774,0,269.0,5.0754716981132075,3.270682719769672,18,1424.0,0.12175511966293501,18,1424.0
1115.0,53,0,13,725,778,0,149.0,2.811320754716981,4.489727272366105,13,1426.0,0.20948227542327935,13,1426.0
1120.0,56,0,18,728,784,0,225.0,4.017857142857143,5.348710841275952,18,1426.0,0.2358990130050251,18,1426.0
1125.0,56,0,26,732,788,0,338.0,6.035714285714286,5.588301029189609,26,1526.0,0.23831073403667608,26,1526.0
1130.0,52,0,28,738,790,0,286.0,5.5,4.127340189963123,28,1562.0,0.1611494598767327,28,1562.0
1135.0,49,0,30,745,794,0,430.0,8.775510204081632,3.4800441784147207,30,1607.0,0.13904179974355302,30,1607.0
1140.0,48,0,29,746,794,0,424.0,8.833333333333334,3.786639309797047,29,1514.0,0.1096091818083265,29,1514.0
1145.0,50,0,22,750,800,0,304.0,6.08,4.313806295358408,22,1205.0,0.1549743460284865,22,1205.0
1150.0,46,0,14,754,800,0,129.0,2.8043478260869565,4.143751121916853,14,1169.0,0.17740464196477104,14,1169.0
1155.0,54,0,9,758,812,0,49.0,0.9074074074074074,5.672240600724165,9,1164.0,0.3264368122304046,9,1164.0
1160.0,51,0,20,761,812,0,122.0,2.392156862745098,4.580740780899279,20,1237.0,0.24982178481357026,20,1237.0
1165.0,53,0,31,765,818,0,252.0,4.754716981132075,3.04990817918075,31,1367.0,0.1647775820280517,31,1367.0
1170.0,51,0,37,767,818,0,383.0,7.509803921568627,1.797715615243494,37,1513.0,0.08676996785174286,37,1513.0
1175.0,54,0,32,768,822,0,504.0,9.333333333333334,3.0674273491944954,32,1628.0,0.12889385592237423,32,1628.0
1180.0,55,0,32,769,824,0,664.0,12.072727272727272,4.407398316837564,32,1748.0,0.14706419073101828,32,1748.0
1185.0,55,0,34,773,828,0,830.0,15.090909090909092,4.730843068698383,34,1907.0,0.17143786981650094,34,1907.0
1190.0,55,0,34,779,834,0,1000.0,18.181818181818183,4.678596684191712,34,2077.0,0.1932838106755258,34,2077.0
1195.0,52,2,30,784,836,0,904.0,17.384615384615383,3.88377792790704,30,1970.0,0.18976725463563568,30,1970.0
1200.0,50,0,23,788,838,0,627.0,12.54,4.157767176027177,23,1610.0,0.1989327261101826,23,1610.0
1205.0,52,2,16,790,842,0,216.0,4.153846153846154,3.7247533976229805,16,1498.0,0.17597151255499385,16,1498.0
1210.0,51,0,16,793,844,0,100.0,1.9607843137254901,4.249044158107507,16,1469.0,0.18669171027174628,16,1469.0
1215.0,51,2,19,797,848,0,118.0,2.3137254901960786,3.652258917862531,19,1537.0,0.17167415784171444,19,1537.0
1220.0,49,0,23,801,850,0,208.0,4.244897959183674,4.1149037797195565,23,1583.0,0.1548122956625367,23,1583.0
1225.0,53,2,29,803,856,0,343.0,6.471698113207547,5.507716130906864,29,1717.0,0.22636399781088534,29,1717.0
1230.0,54,0,32,808,862,0,498.0,9.222222222222221,4.498476203698376,32,1872.0,0.19607830499506512,32,1872.0
1235.0,50,0,35,812,862,0,672.0,13.44,3.08642323748005,35,2046.0,0.11060346772932611,35,2046.0
1240.0,51,0,34,817,868,0,650.0,12.745098039215685,2.2961667163155837,34,1957.0,0.11525743994530202,34,1957.0
1245.0,51,0,29,817,868,0,504.0,9.882352941176471,3.1142889376017964,29,1634.0,0.11029227114308045,29,1634.0
1250.0,55,0,21,819,874,0,261.0,4.745454545454545,3.839400154932169,21,1576.0,0.1919772811854611,21,1576.0
1255.0,53,0,20,821,874,0,173.0,3.2641509433962264,3.556684074704655,20,1599.0,0.11361415130580019,20,1599.0
1260.0,53,0,23,825,878,0,160.0,3.018867924528302,3.989079257871139,23,1646.0,0.1574167440863954,23,1646.0
1265.0,52,0,22,832,884,0,190.0,3.6538461538461537,3.8005561900365064,22,1670.0,0.1575814361667827,22,1670.0
1270.0,55,0,28,833,888,0,319.0,5.8,5.582005564986147,28,1746.0,0.2496020930285256,28,1746.0
1275.0,52,0,31,838,890,0,468.0,9.0,4.512021463248724,31,1884.0,0.13143176636593518,31,1884.0
1280.0,51,0,30,843,894,0,459.0,9.0,3.7844898376902365,30,1785.0,0.12631834354199456,30,1785.0
1285.0,48,0,23,848,896,0,332.0,6.916666666666667,4.25965618456303,23,1447.0,0.17859288592198222,23,1447.0
1290.0,49,0,17,851,900,0,188.0,3.836734693877551,3.5712193548603937,17,1523.0,0.17460192370218866,17,1523.0
1295.0,47,0,14,853,900,0,128.0,2.723404255319149,4.535812225857547,14,1583.0,0.18051999044072345,14,1583.0
1300.0,55,0,19,857,912,0,213.0,3.8727272727272726,5.575473455374099,19,1668.0,0.2515198081647726,19,1668.0
1305.0,49,0,27,863,912,0,330.0,6.73469387755102,4.120139897757603,27,1785.0,0.21634310449833719,27,1785.0
1310.0,51,0,34,867,918,0,485.0,9.509803921568627,2.991070273616985,34,1940.0,0.1579935716473231,34,1940.0
1315.0,49,0,36,869,918,0,519.0,10.591836734693878,1.880097490903751,36,1857.0,0.08991138639438309,36,1857.0
1320.0,52,0,27,870,922,0,461.0,8.865384615384615,3.435009704708185,27,1548.0,0.15266430178454798,27,1548.0
1325.0,53,0,20,871,924,0,191.0,3.6037735849056602,3.6036322456248997,20,1471.0,0.1552958749600996,20,1471.0
1330.0,54,0,18,874,928,0,150.0,2.7777777777777777,3.9748519338633916,18,1441.0,0.16267277027787372,18,1441.0
1335.0,56,0,23,878,934,0,155.0,2.767857142857143,4.159547940477568,23,1513.0,0.21191538278971853,23,1513.0
1340.0,56,0,24,882,938,0,212.0,3.7857142857142856,4.215618065279038,24,1558.0,0.21205084652044082,24,1558.0
1345.0,56,0,30,884,940,0,349.0,6.232142857142857,4.844914104369309,30,1642.0,0.18408625832011946,30,1642.0
1350.0,56,0,34,888,944,0,514.0,9.178571428571429,4.501866357300843,34,1806.0,0.14451581432519622,34,1806.0
1355.0,48,0,36,896,944,0,694.0,14.458333333333334,3.1815931622493707,36,1986.0,0.09303082288101092,36,1986.0
1360.0,52,0,30,898,950,0,659.0,12.673076923076923,3.776893162717213,30,1883.0,0.17372738281365477,30,1883.0
1365.0,46,0,26,904,950,0,485.0,10.543478260869565,3.6331439495710525,26,1550.0,0.16260682146956879,26,1550.0
1370.0,56,2,14,904,960,0,196.0,3.5,5.406277009652522,14,1351.0,0.30102869861803727,14,1351.0
1375.0,54,0,16,908,962,0,95.0,1.7592592592592593,5.493767390271593,16,1340.0,0.28120179067165785,16,1340.0
1380.0,52,2,15,912,964,0,99.0,1.9038461538461537,3.9599765743602555,15,1395.0,0.18956806628218528,15,1395.0
1385.0,52,0,26,916,968,0,185.0,3.5576923076923075,3.767802994010908,26,1452.0,0.16657093571494672,26,1452.0
1390.0,52,2,33,918,970,0,322.0,6.1923076923076925,2.6883082833611667,33,1589.0,0.08515979425256968,33,1589.0
1395.0,51,0,41,923,974,0,514.0,10.07843137254902,2.187251123476348,41,1781.0,0.10259552571468962,41,1781.0
1400.0,52,2,37,924,976,0,552.0,10.615384615384615,1.7054850122863423,37,1741.0,0.06959280307757655,37,1741.0
1405.0,56,2,32,926,982,0,483.0,8.625,3.6018855412378263,32,1487.0,0.19007710889173596,32,1487.0
1410.0,58,0,24,926,984,0,320.0,5.517241379310345,3.233804058591356,24,1566.0,0.13881682276314083,24,1566.0
1415.0,58,0,16,930,988,0,177.0,3.0517241379310347,4.592019833849799,16,1557.0,0.22061995419852776,16,1557.0
1420.0,57,0,23,933,990,0,253.0,4.43859649122807,4.069282397639579,23,1594.0,0.13774551096107593,23,1594.0
1425.0,57,0,25,937,994,0,213.0,3.736842105263158,3.477828866781258,25,1646.0,0.1433966382043955,25,1646.0
1430.0,55,0,35,941,996,0,356.0,6.472727272727273,3.1679035284187407,35,1711.0,0.10745765474807953,35,1711.0
1435.0,56,0,38,944,1000,0,497.0,8.875,3.046407335195457,38,1845.0,0.08723837863175073,38,1845.0
1440.0,52,0,30,948,1000,0,619.0,11.903846153846153,3.1254807667259126,30,1951.0,0.05482673060016592,30,1951.0
1445.0,60,0,31,952,1012,0,770.0,12.833333333333334,5.451816190406531,31,2076.0,0.2588196615930446,31,2076.0
1450.0,55,0,32,957,1012,0,929.0,16.89090909090909,5.3436252823720585,32,2227.0,0.24320646006019206,32,2227.0
1455.0,56,0,29,962,1018,0,822.0,14.678571428571429,3.489625610628667,29,2104.0,0.12433938190550803,29,2104.0
1460.0,50,0,28,968,1018,0,564.0,11.28,3.693665042694872,28,1751.0,0.14751290623733568,28,1751.0
1465.0,54,0,21,970,1024,0,351.0,6.5,3.949698647752958,21,1625.0,0.17233324884310122,21,1625.0
1470.0,52,0,23,972,1024,0,207.0,3.980769230769231,3.4232388159712177,23,1733.0,0.15015450501442104,23,1733.0
1475.0,51,0,24,977,1028,0,192.0,3.764705882352941,2.8045451294381434,24,1817.0,0.14909712353936258,24,1817.0
1480.0,54,0,23,980,1034,0,267.0,4.944444444444445,4.051526496953416,23,1854.0,0.19551030733239247,23,1854.0
1485.0,58,0,31,980,1038,0,407.0,7.017241379310345,4.888793965206866,31,1978.0,0.1992088607294785,31,1978.0
1490.0,55,0,36,985,1040,0,575.0,10.454545454545455,3.9264971576790773,36,2146.0,0.10651679251532932,36,2146.0
1495.0,53,0,34,991,1044,0,592.0,11.169811320754716,3.0969958935118114,34,2063.0,0.1382822115986814,34,2063.0
1500.0,48,0,27,996,1044,0,493.0,10.270833333333334,3.1588790222122185,27,1723.0,0.1410943812484128,27,1723.0
1505.0,54,0,18,996,1050,0,205.0,3.7962962962962963,4.081107343258673,18,1617.0,0.18016754862666834,18,1617.0
1510.0,50,0,17,1000,1050,0,101.0,2.02,4.421335656612723,17,1559.0,0.17380923113144323,17,1559.0
1515.0,59,0,20,1003,1062,0,112.0,1.8983050847457628,4.891091248930955,20,1606.0,0.2465073577020125,20,1606.0
1520.0,53,0,20,1009,1062,0,182.0,3.4339622641509435,4.993800866172669,20,1658.0,0.2701668903972969,20,1658.0
1525.0,57,0,29,1011,1068,0,311.0,5.456140350877193,4.012694606165928,29,1781.0,0.16635274124058222,29,1781.0
1530.0,53,0,42,1015,1068,0,494.0,9.320754716981131,2.0963017668526134,42,1964.0,0.07418471909380782,42,1964.0
1535.0,54,0,40,1018,1072,0,535.0,9.907407407407407,1.7011117487463456,40,1905.0,0.08839702136950967,40,1905.0
1540.0,54,0,32,1020,1074,0,462.0,8.555555555555555,2.9388824855935245,32,1615.0,0.13277537630841932,32,1615.0
1545.0,58,0,24,1020,1078,0,311.0,5.362068965517241,3.5187286991441806,24,1601.0,0.14886290641899558,24,1601.0
1550.0,60,0,13,1024,1084,0,132.0,2.2,4.801485578414366,13,1610.0,0.24199133790120242,13,1610.0
1555.0,59,2,19,1027,1086,0,196.0,3.3220338983050848,5.749137921873781,19,1601.0,0.261238541874329,19,1601.0
1560.0,56,0,26,1032,1088,0,310.0,5.535714285714286,4.755159134670059,26,1686.0,0.15835649648992822,26,1686.0
1565.0,55,2,35,1037,1092,0,469.0,8.527272727272727,4.17970568677359,35,1844.0,0.12038944586015345,35,1844.0
1570.0,53,0,38,1041,1094,0,656.0,12.377358490566039,3.7770797033279218,38,2031.0,0.09095625064101519,38,2031.0
1575.0,50,2,32,1048,1098,0,669.0,13.38,2.93952965079186,32,1953.0,0.13536433379113436,32,1953.0
1580.0,48,0,28,1052,1100,0,565.0,11.770833333333334,3.2228256165956766,28,1628.0,0.14879049970561248,28,1628.0
1585.0,54,2,15,1052,1106,0,197.0,3.6481481481481484,5.057026126836839,15,1420.0,0.2748268705795259,15,1420.0
1590.0,56,0,15,1056,1112,0,86.0,1.5357142857142858,5.307883258585671,15,1326.0,0.2822738612887643,15,1326.0
1595.0,52,0,17,1060,1112,0,97.0,1.8653846153846154,4.388915001244967,17,1380.0,0.23161741970624983,17,1380.0
1600.0,52,0,24,1066,1118,0,179.0,3.4423076923076925,3.73567569095532,24,1426.0,0.17171313579392147,24,1426.0
1605.0,52,0,33,1066,1118,0,322.0,6.1923076923076925,3.030757087883653,33,1564.0,0.065962581999471,33,1564.0
1610.0,54,0,40,1070,1124,0,511.0,9.462962962962964,2.818172789934022,40,1753.0,0.11216755572573141,40,1753.0
1615.0,50,0,38,1074,1124,0,545.0,10.9,1.436950921269278,38,1711.0,0.05249906548822358,38,1711.0
1620.0,52,0,32,1076,1128,0,477.0,9.173076923076923,2.9774326475491657,32,1457.0,0.1322000736278252,32,1457.0
1625.0,58,0,22,1076,1134,0,335.0,5.775862068965517,3.418564956767609,22,1557.0,0.15026928024023628,22,1557.0
1630.0,59,0,16,1079,1138,0,243.0,4.11864406779661,4.332488745227026,16,1586.0,0.21688610880815973,16,1586.0
1635.0,58,0,25,1082,1140,0,339.0,5.844827586206897,4.417249596913391,25,1622.0,0.15566567844601173,25,1622.0
1640.0,58,0,27,1086,1144,0,233.0,4.017241379310345,3.4613380914733796,27,1623.0,0.12412063716456688,27,1623.0
1645.0,54,0,34,1092,1146,0,353.0,6.537037037037037,3.4433945898053007,34,1619.0,0.14078967460839992,34,1619.0
1650.0,56,0,35,1094,1150,0,384.0,6.857142857142857,3.1064229111810997,35,1545.0,0.09413108701463753,35,1545.0
1655.0,52,0,28,1098,1150,0,335.0,6.4423076923076925,3.317402010455363,28,1205.0,0.0850830693950233,28,1205.0
1660.0,60,0,19,1102,1162,0,196.0,3.2666666666666666,4.591372424824272,19,1275.0,0.25262647573473956,19,1275.0
1665.0,58,0,11,1104,1162,0,63.0,1.0862068965517242,5.328432337376213,11,1258.0,0.27332713192451535,11,1258.0
1670.0,59,0,17,1109,1168,0,132.0,2.23728813559322,4.41871596444698,17,1313.0,0.19599567178811142,17,1313.0
1675.0,54,0,32,1114,1168,0,268.0,4.962962962962963,1.9411136201361918,32,1452.0,0.06301006156527089,32,1452.0
1680.0,54,0,38,1118,1172,0,420.0,7.777777777777778,1.4478046222982244,38,1603.0,0.07968453909622498,38,1603.0
1685.0,55,0,34,1119,1174,0,565.0,10.272727272727273,2.380461312729072,34,1723.0,0.09083488768810215,34,1723.0
1690.0,59,0,35,1119,1178,0,735.0,12.457627118644067,4.223043899516758,35,1857.0,0.14282938386670224,35,1857.0
1695.0,60,0,35,1124,1184,0,910.0,15.166666666666666,4.847463949902016,35,2021.0,0.219942066850862,35,2021.0
1700.0,60,0,37,1128,1188,0,1089.0,18.15,4.917561922592328,37,2200.0,0.1916137566006622,37,2200.0
1705.0,55,0,34,1135,1190,0,1011.0,18.381818181818183,3.1867516535048663,34,2122.0,0.12282249036390934,34,2122.0
1710.0,55,0,29,1139,1194,0,768.0,13.963636363636363,3.6716045519349803,29,1815.0,0.1577352150487069,29,1815.0
1715.0,53,0,22,1141,1194,0,297.0,5.60377358490566,4.094089569194789,22,1598.0,0.17535987768138844,22,1598.0
1720.0,55,0,17,1145,1200,0,139.0,2.5272727272727273,4.633431631878168,17,1515.0,0.21581512572088216,17,1515.0
1725.0,51,0,19,1149,1200,0,107.0,2.0980392156862746,3.850167563996621,19,1561.0,0.16034310501011928,19,1561.0
1730.0,56,2,23,1154,1210,0,196.0,3.5,4.595940797498202,23,1618.0,0.2466554928264515,23,1618.0
1735.0,56,0,31,1156,1212,0,334.0,5.964285714285714,3.836512590730067,31,1756.0,0.196808160029145,31,1756.0
1740.0,54,2,40,1160,1214,0,524.0,9.703703703703704,2.0090951149632224,40,1946.0,0.09070703749316861,40,1946.0
1745.0,56,0,42,1162,1218,0,568.0,10.142857142857142,1.6510598370023761,42,1915.0,0.0792499536451558,42,1915.0
1750.0,58,2,34,1162,1220,0,510.0,8.793103448275861,2.8689635476717226,34,1650.0,0.10921786196384675,34,1650.0
1755.0,60,0,26,1164,1224,0,354.0,5.9,3.1440082742336672,26,1756.0,0.1422664428129124,26,1756.0
1760.0,59,2,21,1167,1226,0,237.0,4.016949152542373,3.5310298822107864,21,1767.0,0.1370987846486298,21,1767.0
1765.0,62,2,23,1170,1232,0,323.0,5.209677419354839,4.938590125153214,23,1793.0,0.22842741384411258,23,1793.0
1770.0,60,0,26,1174,1234,0,237.0,3.95,3.8727666851002414,26,1814.0,0.17021967457649448,26,1814.0
1775.0,59,0,34,1179,1238,0,366.0,6.203389830508475,3.5042707065402503,34,1832.0,0.13541431711661656,34,1832.0
1780.0,58,0,37,1182,1240,0,410.0,7.068965517241379,2.346554358517758,37,1780.0,0.038364500327020504,37,1780.0
1785.0,57,0,35,1187,1244,0,381.0,6.684210526315789,3.023528224811168,35,1518.0,0.11748381357434343,35,1518.0
1790.0,57,0,25,1189,1246,0,268.0,4.701754385964913,2.6562425439730823,25,1616.0,0.10137856602250964,25,1616.0
1795.0,58,0,19,1192,1250,0,123.0,2.1206896551724137,3.874327960873002,19,1636.0,0.17516706579969735,19,1636.0
1800.0,55,0,19,1195,1250,0,187.0,3.4,4.16366887174285,19,1633.0,0.13781222461602285,19,1633.0
1805.0,64,0,26,1198,1262,0,305.0,4.765625,5.705882691394601,26,1695.0,0.2978111196454932,26,1695.0
1810.0,59,0,32,1203,1262,0,452.0,7.661016949152542,4.166010856305945,32,1837.0,0.1917793624097518,32,1837.0
1815.0,57,0,41,1211,1268,0,642.0,11.263157894736842,2.118772491338179,41,2027.0,0.09700997236727187,41,2027.0
1820.0,55,0,43,1213,1268,0,687.0,12.49090909090909,1.5265473627254726,43,1993.0,0.06690698081697237,43,1993.0
1825.0,59,0,37,1215,1274,0,640.0,10.847457627118644,2.7386815937149023,37,1716.0,0.13246416603476835,37,1716.0
1830.0,59,0,27,1215,1274,0,479.0,8.11864406779661,2.8187250981488425,27,1832.0,0.10844502078405395,27,1832.0
1835.0,59,0,20,1219,1278,0,375.0,6.3559322033898304,3.6330680359592176,20,1867.0,0.1655850525953989,20,1867.0
1840.0,63,0,19,1221,1284,0,163.0,2.5873015873015874,3.65811336569614,19,1819.0,0.17959514139125918,19,1819.0
1845.0,62,0,31,1226,1288,0,233.0,3.7580645161290325,3.449075173516416,31,1785.0,0.15669902198839344,31,1785.0
1850.0,62,0,42,1228,1290,0,418.0,6.741935483870968,3.0329339072967234,42,1914.0,0.10419293044975786,42,1914.0
1855.0,62,0,45,1232,1294,0,492.0,7.935483870967742,2.258809066618435,45,1879.0,0.07224784304273368,45,1879.0
1860.0,59,0,36,1235,1294,0,485.0,8.220338983050848,2.574837900338561,36,1540.0,0.05011540766567839,36,1540.0
1865.0,63,0,29,1237,1300,0,358.0,5.682539682539683,3.2822600612577086,29,1630.0,0.13769166188559248,29,1630.0
1870.0,59,0,19,1241,1300,0,157.0,2.6610169491525424,3.282266912446913,19,1615.0,0.11805350991412955,19,1615.0
1875.0,67,0,18,1245,1312,0,143.0,2.1343283582089554,5.264404696766692,18,1574.0,0.27430048793333706,18,1574.0
1880.0,64,0,25,1248,1312,0,241.0,3.765625,4.102643894515886,25,1681.0,0.20433008046724718,25,1681.0
1885.0,64,0,38,1254,1318,0,404.0,6.3125,2.8046499566710805,38,1844.0,0.15051147900790257,38,1844.0
1890.0,61,0,43,1257,1318,0,472.0,7.737704918032787,1.2103884900229254,43,1820.0,0.04993818751478135,43,1820.0
1895.0,65,0,41,1257,1322,0,500.0,7.6923076923076925,2.719767738138891,41,1621.0,0.10121873544586749,41,1621.0
1900.0,65,0,31,1259,1324,0,408.0,6.276923076923077,2.66237972867437,31,1620.0,0.08407137094352972,31,1620.0
1905.0,66,0,28,1262,1328,0,339.0,5.136363636363637,3.7758629916552446,28,1624.0,0.16304691343285915,28,1624.0
1910.0,68,0,25,1266,1334,0,326.0,4.794117647058823,4.581087551098077,25,1591.0,0.1923107072294989,25,1591.0
1915.0,65,2,24,1271,1336,0,185.0,2.8461538461538463,4.231611403264849,24,1600.0,0.21175643513279582,24,1600.0
1920.0,62,0,32,1276,1338,0,325.0,5.241935483870968,3.1199504048447912,32,1629.0,0.12764852331186335,32,1629.0
1925.0,64,2,34,1278,1342,0,453.0,7.078125,2.9233900173998113,34,1748.0,0.08154367036210486,34,1748.0
1930.0,61,0,34,1283,1344,0,582.0,9.540983606557377,2.7541895407761157,34,1830.0,0.07634369976579487,34,1830.0
1935.0,62,2,31,1286,1348,0,732.0,11.806451612903226,4.131623620031123,31,1882.0,0.14713277707838127,31,1882.0
1940.0,59,0,33,1291,1350,0,892.0,15.11864406779661,4.492754880829151,33,1992.0,0.13940357975118864,33,1992.0
1945.0,59,2,33,1297,1356,0,1057.0,17.915254237288135,5.494358787871362,33,2148.0,0.23561801114814526,33,2148.0
1950.0,59,0,30,1303,1362,0,927.0,15.711864406779661,4.34007757896861,30,2037.0,0.22184088807857907,30,2037.0
1955.0,54,0,26,1308,1362,0,656.0,12.148148148148149,4.343566658495111,26,1694.0,0.2221144386628366,26,1694.0
1960.0,58,0,28,1310,1368,0,400.0,6.896551724137931,3.6968696190836035,28,1706.0,0.14558094023788862,28,1706.0
1965.0,54,0,28,1314,1368,0,285.0,5.277777777777778,1.9971832348492913,28,1847.0,0.0757946279908573,28,1847.0
1970.0,56,1,30,1317,1373,0,314.0,5.607142857142857,2.5867160543485617,30,1966.0,0.1463259775154686,30,1966.0
1975.0,55,0,28,1319,1374,0,360.0,6.545454545454546,2.3369713785879367,28,2027.0,0.06724051802685646,28,2027.0
1980.0,59,0,33,1319,1378,0,511.0,8.661016949152541,4.3840157590759,33,2120.0,0.15131006420143847,33,2120.0
1985.0,60,0,36,1324,1384,0,682.0,11.366666666666667,4.874735725457378,36,2270.0,0.1677933102180346,36,2270.0
1990.0,58,0,33,1330,1388,0,687.0,11.844827586206897,3.336227612124522,33,2179.0,0.12943816569065889,33,2179.0
1995.0,55,0,30,1335,1390,0,589.0,10.709090909090909,3.5238419463217823,30,1854.0,0.15050524970765586,30,1854.0
2000.0,57,0,21,1337,1394,0,227.0,3.982456140350877,3.9126867112582477,21,1622.0,0.16711653337583748,21,1622.0
2005.0,55,0,18,1341,1396,0,137.0,2.4909090909090907,4.221325688065001,18,1550.0,0.17394786778148097,18,1550.0
2010.0,55,0,21,1345,1400,0,115.0,2.090909090909091,3.3598969479010825,21,1616.0,0.14306831467900957,21,1616.0
2015.0,50,0,23,1350,1400,0,182.0,3.64,3.1735468894745362,23,1658.0,0.10351892366938177,23,1658.0
2020.0,60,0,28,1352,1412,0,311.0,5.183333333333334,5.271804541576772,28,1755.0,0.25883307104835246,28,1755.0
2025.0,56,0,36,1356,1412,0,470.0,8.392857142857142,4.091637324465252,36,1914.0,0.20172322163106335,36,1914.0
2030.0,57,0,41,1361,1418,0,662.0,11.614035087719298,2.323937045939499,41,2106.0,0.10486616087086913,41,2106.0
2035.0,55,0,42,1363,1418,0,690.0,12.545454545454545,1.8082609989933922,42,2065.0,0.0825581682981247,42,2065.0
2040.0,57,0,35,1365,1422,0,593.0,10.403508771929825,2.7410940779371944,35,1772.0,0.11986801760646495,35,1772.0
2045.0,59,0,26,1365,1424,0,430.0,7.288135593220339,2.9905227288587013,26,1779.0,0.10985330145309065,26,1779.0
2050.0,59,0,18,1369,1428,0,282.0,4.779661016949152,3.7333732167163145,18,1817.0,0.17346529343113948,18,1817.0
2055.0,62,0,22,1372,1434,0,369.0,5.951612903225806,5.0345247028183255,22,1848.0,0.22856215603647256,22,1848.0
2060.0,62,0,25,1376,1438,0,232.0,3.7419354838709675,4.015663179284521,25,1852.0,0.190510237936479,25,1852.0
2065.0,60,0,34,1380,1440,0,326.0,5.433333333333334,3.9538562813584957,34,1833.0,0.16017667270074568,34,1833.0
2070.0,59,0,36,1385,1444,0,372.0,6.305084745762712,2.4792379268357654,36,1731.0,0.08849912436495742,36,1731.0
2075.0,56,0,33,1388,1444,0,356.0,6.357142857142857,3.1800165405662577,33,1456.0,0.11952479176194987,33,1456.0
2080.0,59,0,24,1391,1450,0,243.0,4.11864406779661,3.0038587004679664,24,1548.0,0.13070077612591682,24,1548.0
2085.0,56,0,17,1394,1450,0,145.0,2.5892857142857144,3.996146158233754,17,1574.0,0.17569456857082047,17,1574.0
2090.0,63,2,21,1397,1460,0,204.0,3.238095238095238,5.469093492940728,21,1583.0,0.2639796276452057,21,1583.0
2095.0,60,0,32,1402,1462,0,335.0,5.583333333333333,4.11849051151402,32,1714.0,0.21843956301613005,32,1714.0
2100.0,58,2,40,1406,1464,0,515.0,8.879310344827585,1.9864874840214815,40,1894.0,0.06822709520758516,40,1894.0
2105.0,59,0,45,1409,1468,0,600.0,10.169491525423728,1.7278946857116069,45,1874.0,0.07857733053109418,45,1874.0
2110.0,60,2,38,1410,1470,0,597.0,9.95,2.424757421510463,38,1644.0,0.08972135589564366,38,1644.0
2115.0,63,0,28,1411,1474,0,375.0,5.9523809523809526,3.6080940295642168,28,1507.0,0.15393100709591265,28,1507.0
2120.0,61,2,27,1415,1476,0,352.0,5.770491803278689,3.6950175082232675,27,1475.0,0.12747287414341163,27,1475.0
2125.0,63,2,29,1419,1482,0,328.0,5.2063492063492065,3.524977268804048,29,1549.0,0.1477989346442649,29,1549.0
2130.0,59,0,31,1425,1484,0,248.0,4.203389830508475,3.2323628166663987,31,1548.0,0.13468051443757614,31,1548.0
2135.0,62,0,28,1426,1488,0,312.0,5.032258064516129,4.385258317814125,28,1571.0,0.1756393605298668,28,1571.0
2140.0,60,0,31,1430,1490,0,452.0,7.533333333333333,4.405226838655766,31,1619.0,0.15264077937110196,31,1619.0
2145.0,58,0,35,1436,1494,0,622.0,10.724137931034482,4.863035425094219,35,1737.0,0.18562124538875419,35,1737.0
2150.0,54,0,35,1442,1496,0,797.0,14.75925925925926,4.534456326568158,35,1894.0,0.14031138564193946,35,1894.0
2155.0,54,0,31,1446,1500,0,741.0,13.722222222222221,3.7476367748753723,31,1823.0,0.10393460495543656,31,1823.0
2160.0,47,0,24,1453,1500,0,540.0,11.48936170212766,3.867866818984124,24,1526.0,0.14285925782420264,24,1526.0
2165.0,56,0,13,1456,1512,0,176.0,3.142857142857143,4.688800432926213,13,1403.0,0.25893733619697384,13,1403.0
2170.0,52,0,16,1460,1512,0,119.0,2.2884615384615383,4.916876863529242,16,1386.0,0.2550256612246182,16,1386.0
2175.0,55,0,20,1463,1518,0,102.0,1.8545454545454545,3.5851247734910134,20,1441.0,0.15696835378073673,20,1441.0
2180.0,51,0,26,1467,1518,0,198.0,3.8823529411764706,3.430025881316117,26,1507.0,0.11537017033669847,26,1507.0
2185.0,55,0,31,1469,1524,0,322.0,5.8545454545454545,3.851324651209525,31,1620.0,0.14186027262201728,31,1620.0
2190.0,50,0,40,1474,1524,0,498.0,9.96,2.2483644319055363,40,1796.0,0.07600678022839699,40,1796.0
2195.0,51,0,37,1477,1528,0,531.0,10.411764705882353,1.7750068346147845,37,1751.0,0.08313205083995585,37,1751.0
2200.0,55,0,29,1479,1534,0,449.0,8.163636363636364,3.3302143512451856,29,1485.0,0.1761476221500153,29,1485.0
2205.0,59,0,25,1479,1538,0,324.0,5.491525423728813,3.8328166217445645,25,1578.0,0.1971444451254966,25,1578.0
2210.0,58,0,14,1482,1540,0,175.0,3.0172413793103448,3.9838010985030214,14,1595.0,0.17867856350461736,14,1595.0
2215.0,59,0,23,1485,1544,0,272.0,4.610169491525424,4.522532848370367,23,1623.0,0.1753863881905422,23,1623.0
2220.0,53,0,25,1491,1544,0,211.0,3.981132075471698,3.1104820777043245,25,1661.0,0.11973970838108712,25,1661.0
2225.0,54,0,34,1496,1550,0,343.0,6.351851851851852,2.935753236916574,34,1712.0,0.11096904934715746,34,1712.0
2230.0,53,0,36,1497,1550,0,385.0,7.264150943396227,2.675554966490732,36,1649.0,0.06803030524918087,36,1649.0
2235.0,61,0,30,1501,1562,0,357.0,5.852459016393443,4.55324469669535,30,1376.0,0.23278716707423142,30,1376.0
2240.0,58,0,27,1504,1562,0,328.0,5.655172413793103,3.9424870915626524,27,1515.0,0.2091376175458858,27,1515.0
2245.0,61,0,27,1507,1568,0,350.0,5.737704918032787,2.682378439583008,27,1647.0,0.13729926962630137,27,1647.0
2250.0,58,0,34,1510,1568,0,353.0,6.086206896551724,1.701854298027629,34,1746.0,0.08884654505716075,34,1746.0
2255.0,62,0,35,1510,1572,0,307.0,4.951612903225806,2.8289724456676337,35,1801.0,0.11179950933767767,35,1801.0
2260.0,62,0,31,1512,1574,0,411.0,6.629032258064516,3.589035661568634,31,1816.0,0.10223800060516358,31,1816.0
2265.0,61,0,35,1517,1578,0,580.0,9.508196721311476,4.522870235911718,35,1917.0,0.18985866634084633,35,1917.0
2270.0,63,0,35,1521,1584,0,755.0,11.984126984126984,5.560349555722787,35,2042.0,0.2510443789223189,35,2042.0
2275.0,59,2,32,1527,1586,0,720.0,12.203389830508474,3.979952441505067,32,1941.0,0.1673706364306291,32,1941.0
2280.0,57,0,28,1531,1588,0,562.0,9.859649122807017,3.984616586188752,28,1625.0,0.15092637603661388,28,1625.0
2285.0,57,2,23,1535,1592,0,253.0,4.43859649122807,3.4561901146674923,23,1552.0,0.13863230626594572,23,1552.0
2290.0,55,0,21,1539,1594,0,161.0,2.9272727272727272,3.928712634647219,21,1545.0,0.17311498836344524,21,1545.0
2295.0,56,2,22,1542,1598,0,165.0,2.9464285714285716,3.3650495709459434,22,1619.0,0.12952816295815442,22,1619.0
2300.0,53,0,23,1547,1600,0,202.0,3.811320754716981,3.4231947839093873,23,1667.0,0.1391216783297604,23,1667.0
2305.0,57,2,29,1549,1606,0,332.0,5.824561403508772,4.984012279940388,29,1729.0,0.21401365710880743,29,1729.0
2310.0,59,0,27,1553,1612,0,332.0,5.627118644067797,4.7671995552614,27,1622.0,0.23187919118728703,27,1622.0
2315.0,54,0,24,1558,1612,0,261.0,4.833333333333333,4.063685538368325,24,1316.0,0.16916373265541454,24,1316.0
2320.0,57,0,26,1561,1618,0,238.0,4.175438596491228,3.789634085004599,26,1347.0,0.15660697920102049,26,1347.0
2325.0,53,0,27,1565,1618,0,262.0,4.943396226415095,2.2359816014012104,27,1479.0,0.07541384813392883,27,1479.0
2330.0,55,1,30,1568,1623,0,308.0,5.6,2.3769082118502034,30,1592.0,0.13421011217066703,30,1592.0
2335.0,54,0,30,1570,1624,0,342.0,6.333333333333333,1.9970225123236598,30,1667.0,0.0639902702544154,30,1667.0
2340.0,58,0,33,1570,1628,0,490.0,8.448275862068966,4.130983491058237,33,1751.0,0.1457054669483171,33,1751.0
2345.0,60,0,34,1574,1634,0,660.0,11.0,4.776574333047629,34,1874.0,0.17690570622121185,34,1874.0
2350.0,58,0,36,1580,1638,0,838.0,14.448275862068966,4.754419818885137,36,2052.0,0.1976505116801141,36,2052.0
2355.0,54,0,34,1586,1640,0,813.0,15.055555555555555,3.3935259817691796,34,1980.0,0.12597521287144067,34,1980.0
2360.0,55,0,28,1589,1644,0,660.0,12.0,3.9377659787533132,28,1575.0,0.1376362841417567,28,1575.0
2365.0,53,0,18,1593,1646,0,237.0,4.471698113207547,4.52811710424448,18,1460.0,0.20250300268165317,18,1460.0
2370.0,52,0,13,1598,1650,0,81.0,1.5576923076923077,4.409273917128811,13,1351.0,0.20604899545453048,13,1351.0
2375.0,48,0,18,1602,1650,0,98.0,2.0416666666666665,3.3327261041535983,18,1408.0,0.1570841174757795,18,1408.0
2380.0,57,0,24,1605,1662,0,190.0,3.3333333333333335,4.849933102703417,24,1473.0,0.25922135630934534,24,1473.0
2385.0,54,0,31,1608,1662,0,324.0,6.0,4.0742073047881195,31,1601.0,0.20033185179632687,31,1601.0
2390.0,56,0,40,1612,1668,0,503.0,8.982142857142858,2.7694008291269396,40,1780.0,0.13204838524690396,40,1780.0
2395.0,53,0,41,1615,1668,0,547.0,10.320754716981131,1.7111065748957446,41,1744.0,0.07946363186347934,41,1744.0
2400.0,55,0,32,1617,1672,0,485.0,8.818181818181818,2.8230997204601134,32,1497.0,0.12048411639741995,32,1497.0
2405.0,57,0,22,1617,1674,0,350.0,6.140350877192983,3.6177589866103834,22,1400.0,0.143779537181042,22,1400.0
2410.0,57,0,15,1621,1678,0,254.0,4.456140350877193,4.365957931614615,15,1425.0,0.19811361859119592,15,1425.0
2415.0,59,0,20,1625,1684,0,340.0,5.762711864406779,5.0825185683173135,20,1454.0,0.2454753440820008,20,1454.0
2420.0,59,0,21,1629,1688,0,208.0,3.5254237288135593,4.235254844488146,21,1445.0,0.20354964980916618,21,1445.0
2425.0,57,0,32,1633,1690,0,281.0,4.9298245614035086,4.048258425632845,32,1410.0,0.18100933494250435,32,1410.0
2430.0,57,0,37,1637,1694,0,458.0,8.035087719298245,3.5981753134199232,37,1527.0,0.08729762969218689,37,1527.0
2435.0,53,0,35,1641,1694,0,574.0,10.830188679245284,3.0731958960303785,35,1684.0,0.08800334632676936,35,1684.0
2440.0,55,0,28,1645,1700,0,661.0,12.018181818181818,3.748196524300702,28,1782.0,0.1467460103771098,28,1782.0
2445.0,51,0,30,1649,1700,0,806.0,15.803921568627452,4.601335980499708,30,1872.0,0.14822102501980736,30,1872.0
2450.0,56,2,30,1654,1710,0,956.0,17.071428571428573,6.025067804331244,30,2014.0,0.28470207336612297,30,2014.0
2455.0,53,0,32,1659,1712,0,1110.0,20.943396226415093,5.19897239348833,32,2168.0,0.2202052307898344,32,2168.0
2460.0,50,2,26,1664,1714,0,948.0,18.96,4.1014143644619265,26,2042.0,0.20425159934527218,26,2042.0
2465.0,49,0,25,1669,1718,0,587.0,11.979591836734693,3.5432556621648885,25,1671.0,0.1437025330392255,25,1671.0
2470.0,50,2,20,1670,1720,0,279.0,5.58,3.4620185013366878,20,1771.0,0.14606978604673845,20,1771.0
2475.0,51,0,21,1673,1724,0,146.0,2.8627450980392157,3.0453103714286884,21,1868.0,0.13852937938981352,21,1868.0
2480.0,50,2,22,1676,1726,0,176.0,3.52,2.39310546170041,22,1949.0,0.12200857032013868,22,1949.0
2485.0,54,2,25,1678,1732,0,275.0,5.092592592592593,3.78757352839631,25,2023.0,0.20857075299692854,25,2023.0
2490.0,56,0,33,1678,1734,0,424.0,7.571428571428571,4.608325295621566,33,2158.0,0.1581369233925149,33,2158.0
2495.0,55,0,36,1683,1738,0,600.0,10.909090909090908,3.8879456941839687,36,2334.0,0.10948531195437515,36,2334.0
2500.0,53,0,34,1687,1740,0,610.0,11.50943396226415,2.9191141581037083,34,2226.0,0.08829119905824796,34,2226.0
2505.0,52,0,29,1692,1744,0,563.0,10.826923076923077,3.307257686513236,29,1871.0,0.13303832466911902,29,1871.0
2510.0,52,0,18,1694,1746,0,235.0,4.519230769230769,3.616922633780076,18,1901.0,0.16554304562737368,18,1901.0
2515.0,52,0,18,1698,1750,0,99.0,1.9038461538461537,3.8191243755942637,18,1869.0,0.16159683275698555,18,1869.0
2520.0,50,0,18,1700,1750,0,113.0,2.26,3.320936546937958,18,1928.0,0.11525701819023408,18,1928.0
2525.0,56,0,24,1706,1762,0,206.0,3.6785714285714284,4.526022299218281,24,1995.0,0.24618305058387047,24,1995.0
2530.0,55,0,34,1707,1762,0,349.0,6.345454545454546,3.566925050450642,34,2138.0,0.17484331915796494,34,2138.0
2535.0,57,0,42,1711,1768,0,544.0,9.543859649122806,2.0110528720670904,42,2333.0,0.08212445837257407,42,2333.0
2540.0,55,0,43,1713,1768,0,601.0,10.927272727272728,1.4490042267693668,43,2268.0,0.05739297613196839,43,2268.0
2545.0,59,0,36,1715,1774,0,538.0,9.11864406779661,2.6375819981394897,36,1961.0,0.12535692399894036,36,1961.0
2550.0,59,0,28,1715,1774,0,384.0,6.508474576271187,2.543214160940545,28,2067.0,0.08613079297467813,28,2067.0
2555.0,59,0,20,1719,1778,0,194.0,3.288135593220339,3.5771703938664414,20,2104.0,0.16701802527585066,20,2104.0
2560.0,63,0,20,1721,1784,0,245.0,3.888888888888889,4.590727807155738,20,2106.0,0.18998455102837572,20,2106.0
2565.0,62,0,26,1726,1788,0,362.0,5.838709677419355,4.837975971178967,26,2199.0,0.23360958807048984,26,2199.0
2570.0,60,0,36,1730,1790,0,519.0,8.65,3.8438820508794196,36,2352.0,0.10875773851769424,36,2352.0
2575.0,59,0,42,1735,1794,0,722.0,12.23728813559322,3.447960125384408,42,2555.0,0.12521516360886975,42,2555.0
2580.0,53,0,39,1741,1794,0,759.0,14.320754716981131,2.368566021767172,39,2467.0,0.09224691386277933,39,2467.0
2585.0,57,0,31,1743,1800,0,667.0,11.701754385964913,3.2983261076974126,31,2103.0,0.13856468742444525,31,2103.0
2590.0,55,0,21,1745,1800,0,287.0,5.218181818181818,3.8017813626688746,21,1855.0,0.1653086248734518,21,1855.0
2595.0,64,0,17,1748,1812,0,118.0,1.84375,5.121922177056868,17,1737.0,0.2589333505646371,17,1737.0
2600.0,59,0,23,1753,1812,0,197.0,3.3389830508474576,4.595498452075618,23,1843.0,0.24444572340887655,23,1843.0
2605.0,60,0,33,1758,1818,0,344.0,5.733333333333333,2.2579673429593767,33,1990.0,0.13396044006662092,33,1990.0
2610.0,58,0,41,1760,1818,0,400.0,6.896551724137931,1.3816068619101425,41,2135.0,0.07817539411259525,41,2135.0
2615.0,62,0,39,1760,1822,0,496.0,8.0,2.520996520435501,39,2249.0,0.10252248030027078,39,2249.0
2620.0,63,0,39,1761,1824,0,689.0,10.936507936507937,3.6531407938025042,39,2361.0,0.10727199030504724,39,2361.0
2625.0,62,0,41,1766,1828,0,893.0,14.403225806451612,4.115929039620592,41,2546.0,0.16095568017157316,41,2546.0
2630.0,64,0,36,1770,1834,0,866.0,13.53125,3.8115291359416545,36,2435.0,0.1765930896499238,36,2435.0
2635.0,59,2,32,1777,1836,0,694.0,11.76271186440678,3.5778077337291636,32,2064.0,0.18102150532633293,32,2064.0
2640.0,60,0,30,1778,1838,0,561.0,9.35,3.4556221968318472,30,2068.0,0.1648843657744023,30,2068.0
2645.0,61,2,31,1781,1842,0,441.0,7.229508196721311,2.316173935125719,31,2216.0,0.10271481274516256,31,2216.0
2650.0,59,0,30,1785,1844,0,451.0,7.6440677966101696,2.147904265636258,30,2343.0,0.13729514704100945,30,2343.0
2655.0,62,2,30,1786,1848,0,534.0,8.612903225806452,2.5670694502757945,30,2419.0,0.10407856021468444,30,2419.0
2660.0,64,0,32,1786,1850,0,374.0,5.84375,2.816327523899947,32,2426.0,0.10699755303943445,32,2426.0
2665.0,65,2,41,1791,1856,0,478.0,7.3538461538461535,3.1774666559036797,41,2397.0,0.13975181552669608,41,2397.0
2670.0,69,0,44,1793,1862,0,523.0,7.579710144927536,3.340461765106126,44,2330.0,0.16743706695746788,44,2330.0
2675.0,64,0,39,1798,1862,0,507.0,7.921875,2.5507068530965853,39,2028.0,0.10414792408579582,39,2028.0
2680.0,69,0,38,1799,1868,0,492.0,7.130434782608695,2.7063778972347525,38,2106.0,0.10745946470164261,38,2106.0
2685.0,67,0,41,1801,1868,0,522.0,7.791044776119403,1.8517264236171591,41,2310.0,0.055880193411532754,41,2310.0
2690.0,67,1,39,1806,1873,0,493.0,7.358208955223881,1.8860826508898916,39,2434.0,0.1043784420363199,39,2434.0
2695.0,66,0,39,1808,1874,0,471.0,7.136363636363637,1.868099683663404,39,2470.0,0.04796703364623856,39,2470.0
2700.0,70,0,36,1808,1878,0,537.0,7.671428571428572,3.310942803807076,36,2547.0,0.10767602454025148,36,2547.0
2705.0,71,0,40,1813,1884,0,712.0,10.028169014084508,4.312149423002868,40,2622.0,0.17968369661728273,40,2622.0
2710.0,71,0,42,1817,1888,0,920.0,12.95774647887324,4.171139175809626,42,2760.0,0.16914545363233444,42,2760.0
2715.0,66,0,46,1824,1890,0,1142.0,17.303030303030305,3.3715221391177868,46,2950.0,0.09980075019118022,46,2950.0
2720.0,67,0,42,1827,1894,0,1087.0,16.223880597014926,3.0551979041923003,42,3039.0,0.11216435618633916,42,3039.0
2725.0,63,0,41,1833,1896,0,1167.0,18.523809523809526,2.929224990651768,41,3022.0,0.1091862799985833,41,3022.0
2730.0,63,0,39,1837,1900,0,1088.0,17.26984126984127,2.57203097364306,39,2838.0,0.07931700943427339,39,2838.0
2735.0,59,0,36,1841,1900,0,827.0,14.016949152542374,2.8499895688925663,36,2446.0,0.09474783567168935,36,2446.0
2740.0,66,2,29,1844,1910,0,550.0,8.333333333333334,3.9398829413562058,29,2572.0,0.21774448402029717,29,2572.0
2745.0,62,2,18,1848,1910,0,192.0,3.096774193548387,4.19810887267347,18,2619.0,0.23198345455109748,18,2619.0
2750.0,64,4,20,1850,1914,0,181.0,2.828125,3.836500020435113,20,2684.0,0.16277366071913732,20,2684.0
2755.0,64,0,37,1854,1918,0,331.0,5.171875,2.1534493179471097,37,2834.0,0.08141117564956614,37,2834.0
2760.0,64,0,42,1858,1922,0,497.0,7.765625,1.4940447183363545,42,3009.0,0.07211715234551018,42,3009.0
2765.0,64,0,44,1860,1924,0,684.0,10.6875,2.1261473123669057,44,3180.0,0.08398346702373559,44,3180.0
2770.0,68,0,46,1860,1928,0,913.0,13.426470588235293,3.844624464989079,46,3381.0,0.13351835033562698,46,3381.0
2775.0,68,2,46,1864,1932,0,1143.0,16.808823529411764,4.184832949803083,46,3607.0,0.14441892643673804,46,3607.0
2780.0,66,2,46,1870,1936,0,1373.0,20.803030303030305,3.84765115893897,46,3837.0,0.1407398982655586,46,3837.0
2785.0,61,4,50,1875,1936,0,1609.0,26.37704918032787,2.377263209737146,50,4073.0,0.06935010983636428,50,4073.0
2790.0,60,4,50,1880,1940,0,1859.0,30.983333333333334,2.0325827822440248,50,4323.0,0.1033317781603434,50,4323.0
2795.0,59,4,50,1881,1940,0,2109.0,35.74576271186441,1.9396492704479515,50,4573.0,0.06585984223945084,50,4573.0
2800.0,61,6,50,1883,1944,0,2359.0,38.67213114754098,2.3073695028524877,50,4823.0,0.09211455340292853,50,4823.0
2805.0,58,6,50,1886,1944,0,2609.0,44.98275862068966,1.8952477086273274,50,5073.0,0.06959878640036263,50,5073.0
2810.0,66,10,50,1886,1952,0,2859.0,43.31818181818182,3.0673992542146435,50,5323.0,0.14460751544887973,50,5323.0
2815.0,64,8,44,1890,1954,0,2641.0,41.265625,2.896838154633228,44,5377.0,0.16526558685072668,44,5377.0
2820.0,65,10,39,1891,1956,0,2581.0,39.707692307692305,3.510298121185013,39,5268.0,0.16032127197758025,39,5268.0
2825.0,64,10,43,1894,1958,0,2787.0,43.546875,3.693333303357196,43,5213.0,0.12031057894063775,43,5213.0
2830.0,62,12,40,1898,1960,0,2469.0,39.82258064516129,2.8045527302320794,40,4986.0,0.0987897186474224,40,4986.0
2835.0,58,12,37,1904,1962,0,1807.0,31.155172413793103,2.8919210582868535,37,4339.0,0.12412032873544096,37,4339.0
2840.0,59,14,30,1905,1964,0,1270.0,21.52542372881356,2.9944096480895688,30,4268.0,0.12000645191769257,30,4268.0
2845.0,60,16,29,1908,1968,0,592.0,9.866666666666667,3.2234718214592086,29,4412.0,0.15435627459196702,29,4412.0
2850.0,58,14,28,1912,1970,0,262.0,4.517241379310345,2.396961470103597,28,4497.0,0.1365422006453644,28,4497.0
2855.0,63,11,26,1914,1977,0,293.0,4.650793650793651,3.259724648462361,26,4542.0,0.17060778948824654,26,4542.0
2860.0,64,11,34,1915,1979,0,439.0,6.859375,3.0604391933666437,34,4622.0,0.09200108742758101,34,4622.0
2865.0,67,9,41,1918,1985,0,633.0,9.447761194029852,3.8753313592668044,41,4783.0,0.12491317696008462,41,4783.0
2870.0,62,11,41,1923,1985,0,675.0,10.887096774193548,2.8738742607063315,41,4550.0,0.07944437918502946,41,4550.0
2875.0,61,11,36,1928,1989,0,611.0,10.01639344262295,3.2386013887533234,36,3898.0,0.11713679824264521,36,3898.0
2880.0,57,11,24,1932,1989,0,518.0,9.087719298245615,3.1261605413211835,24,3831.0,0.12302985368809265,24,3831.0
2885.0,63,13,21,1936,1999,0,453.0,7.190476190476191,4.897010996623204,21,3917.0,0.2670376763804593,21,3917.0
2890.0,60,13,20,1939,1999,0,159.0,2.65,4.053290477512812,20,3898.0,0.19563781008726838,20,3898.0
2895.0,63,11,30,1944,2007,0,215.0,3.4126984126984126,3.284819966785447,30,3838.0,0.1416991590268813,30,3838.0
2900.0,62,10,39,1946,2008,0,385.0,6.209677419354839,2.5601403270606835,39,3976.0,0.07019592825621282,39,3976.0
2905.0,63,10,49,1951,2014,0,608.0,9.65079365079365,1.7304152927638783,49,4199.0,0.06581486897659519,49,4199.0
2910.0,61,10,49,1953,2014,0,699.0,11.459016393442623,1.143278123941166,49,4020.0,0.038567170921643606,49,4020.0
2915.0,63,10,43,1955,2018,0,676.0,10.73015873015873,2.5407858527895772,43,3445.0,0.11477256158036231,43,3445.0
2920.0,67,12,30,1955,2022,0,503.0,7.507462686567164,3.2620618541072637,30,3175.0,0.13794670901100708,30,3175.0
2925.0,68,12,19,1958,2026,0,249.0,3.661764705882353,4.587297830559184,19,3189.0,0.22684605411235734,19,3189.0
2930.0,64,14,21,1962,2026,0,233.0,3.640625,4.410975220878651,21,3159.0,0.1605691737453241,21,3159.0
2935.0,67,10,25,1967,2034,0,178.0,2.656716417910448,3.6754294426732215,25,3179.0,0.17149002682078515,25,3179.0
2940.0,63,8,33,1973,2036,0,310.0,4.920634920634921,2.9521361827438013,33,3220.0,0.09607934256856047,33,3220.0
2945.0,67,8,38,1975,2042,0,371.0,5.537313432835821,2.6744546438860852,38,3005.0,0.07499203164118204,38,3005.0
2950.0,62,8,39,1980,2042,0,381.0,6.145161290322581,2.693566972877947,39,2442.0,0.07679734202863499,39,2442.0
2955.0,69,10,30,1983,2052,0,306.0,4.434782608695652,3.835898718304497,30,2369.0,0.19531233152940153,30,2369.0
2960.0,65,10,16,1987,2052,0,130.0,2.0,4.461963628166871,16,2376.0,0.2359011190763855,16,2376.0
2965.0,66,12,22,1990,2056,0,126.0,1.9090909090909092,3.7674645706304566,22,2467.0,0.1837718665309976,22,2467.0
2970.0,65,8,35,1995,2060,0,268.0,4.123076923076923,1.498313262049548,35,2611.0,0.06881585086075752,35,2611.0
2975.0,68,7,41,1997,2065,0,408.0,6.0,1.3539850628493464,41,2749.0,0.07807930961841193,41,2749.0
2980.0,69,7,45,1998,2067,0,557.0,8.072463768115941,1.912681860557681,45,2867.0,0.0662215771061411,45,2867.0
2985.0,73,7,45,1998,2071,0,755.0,10.342465753424657,3.5862478836675855,45,2988.0,0.12878233180947127,45,2988.0
2990.0,73,9,40,2002,2075,0,758.0,10.383561643835616,3.2955691177652175,40,2785.0,0.14693151791281303,40,2785.0
2995.0,69,11,34,2008,2077,0,642.0,9.304347826086957,3.548411846493261,34,2239.0,0.17490567618855843,34,2239.0
3000.0,69,9,30,2010,2079,0,531.0,7.695652173913044,3.1991854333963534,30,2006.0,0.12775960624658228,30,2006.0
3005.0,67,13,23,2014,2081,0,360.0,5.373134328358209,3.586691150100005,23,2073.0,0.1508152208427516,23,2073.0
3010.0,65,11,22,2018,2083,0,355.0,5.461538461538462,4.3946947143298445,22,2130.0,0.17421321821114025,22,2130.0
3015.0,67,11,26,2022,2089,0,208.0,3.1044776119402986,3.447756897064804,26,2132.0,0.1564842530738296,26,2132.0
3020.0,66,7,34,2027,2093,0,312.0,4.7272727272727275,2.856168303046151,34,2122.0,0.10807915036211396,34,2122.0
3025.0,69,9,42,2030,2099,0,377.0,5.463768115942029,2.3209893828248576,42,2011.0,0.0836381651919973,42,2011.0
3030.0,70,7,43,2035,2105,0,404.0,5.771428571428571,3.4217424107427377,43,1786.0,0.18710696654332637,43,1786.0
3035.0,69,7,37,2036,2105,0,464.0,6.72463768115942,3.754061152909557,37,1432.0,0.16208390691886093,37,1432.0
3040.0,69,9,30,2040,2109,0,340.0,4.927536231884058,3.2101845181375723,30,1534.0,0.14688478696395288,30,1534.0
3045.0,66,9,27,2043,2109,0,222.0,3.3636363636363638,3.4156395222445592,27,1539.0,0.1264285846703027,27,1539.0
3050.0,69,7,27,2048,2117,0,238.0,3.449275362318841,3.165167217050353,27,1650.0,0.1424293431423802,27,1650.0
3055.0,68,3,36,2053,2121,0,394.0,5.794117647058823,1.7193945195797564,36,1812.0,0.07737147710744503,36,1812.0
3060.0,72,1,43,2055,2127,0,494.0,6.861111111111111,1.2710483828140562,43,1822.0,0.0660995878409589,43,1822.0
3065.0,76,1,47,2057,2133,0,562.0,7.394736842105263,2.0659216396250293,47,1721.0,0.09225791179819359,47,1721.0
3070.0,80,1,45,2057,2137,0,578.0,7.225,2.455387917524149,45,1799.0,0.10874059208891018,45,1799.0
3075.0,78,3,37,2059,2137,0,514.0,6.589743589743589,2.6867610410037748,37,1840.0,0.08893369240167441,37,1840.0
3080.0,77,3,29,2064,2141,0,222.0,2.883116883116883,2.810959525272559,29,1833.0,0.11557692950035504,29,1833.0
3085.0,76,1,32,2069,2145,0,233.0,3.0657894736842106,2.618073480568859,32,1797.0,0.10257898036985458,32,1797.0
3090.0,77,1,38,2072,2149,0,348.0,4.51948051948052,1.8504498800253413,38,1841.0,0.05953357754523461,38,1841.0
3095.0,73,0,43,2077,2150,0,507.0,6.945205479452055,1.7446573193817676,43,1900.0,0.05440766820152805,43,1900.0
3100.0,83,1,44,2078,2161,0,703.0,8.46987951807229,3.561020448055211,44,1965.0,0.14947685546694636,44,1965.0
3105.0,79,1,38,2082,2161,0,696.0,8.810126582278482,3.3015290611193517,38,1952.0,0.15568207928757258,38,1952.0
3110.0,77,4,35,2087,2164,0,569.0,7.3896103896103895,2.676240362334584,35,1745.0,0.11473750223275808,35,1745.0
3115.0,76,2,38,2090,2166,0,522.0,6.868421052631579,2.2499246251574365,38,1928.0,0.09003348441573585,38,1928.0
3120.0,76,2,43,2094,2170,0,504.0,6.631578947368421,1.631353566703046,43,2128.0,0.07717183727746929,43,2128.0
3125.0,74,4,43,2096,2170,0,471.0,6.364864864864865,1.1423548251294782,43,2270.0,0.04977771005893927,43,2270.0
3130.0,79,1,43,2098,2177,0,545.0,6.89873417721519,1.8251108421359272,43,2357.0,0.07333177581319189,43,2357.0
3135.0,84,2,47,2098,2182,0,660.0,7.857142857142857,3.132154382311787,47,2417.0,0.11372033388799628,47,2417.0
3140.0,84,3,45,2101,2185,0,807.0,9.607142857142858,3.6957990916894814,45,2556.0,0.14075852519442905,45,2556.0
3145.0,78,4,42,2108,2186,0,836.0,10.717948717948717,2.590155326992927,42,2547.0,0.116948523466729,42,2547.0
3150.0,78,4,42,2112,2190,0,798.0,10.23076923076923,2.8010914811025547,42,2248.0,0.11370470784273934,42,2248.0
3155.0,77,2,35,2115,2192,0,461.0,5.987012987012987,2.538794264045502,35,2295.0,0.10651190075109655,35,2295.0
3160.0,77,4,32,2119,2196,0,265.0,3.4415584415584415,3.0324663761838835,32,2217.0,0.12633465202538077,32,2217.0
3165.0,74,4,34,2122,2196,0,250.0,3.3783783783783785,2.4333436603443106,34,2227.0,0.061376660530617924,34,2227.0
3170.0,80,4,40,2128,2208,0,314.0,3.925,3.2047027496403446,40,2302.0,0.16562746646512203,40,2302.0
3175.0,81,1,40,2130,2211,0,395.0,4.8765432098765435,3.5117978395502165,40,2336.0,0.14555997380396546,40,2336.0
3180.0,81,2,41,2133,2214,0,516.0,6.37037037037037,3.765436965840911,41,2452.0,0.16173977720647958,41,2452.0
3185.0,77,2,42,2139,2216,0,547.0,7.103896103896104,3.011578368073442,42,2399.0,0.13040070938532597,42,2399.0
3190.0,73,4,39,2145,2218,0,504.0,6.904109589041096,3.08215050262023,39,2163.0,0.14223988187988143,39,2163.0
3195.0,73,3,36,2148,2221,0,492.0,6.739726027397261,2.455236571317712,36,2243.0,0.09547453452258428,36,2243.0
3200.0,72,5,39,2151,2223,0,470.0,6.527777777777778,1.9997405932475074,39,2429.0,0.08334189223815404,39,2429.0
3205.0,72,7,40,2155,2227,0,497.0,6.902777777777778,1.7284857573188306,40,2565.0,0.09701333960862023,40,2565.0
3210.0,76,1,41,2157,2233,0,561.0,7.381578947368421,2.522300752857892,41,2656.0,0.1201477972949863,41,2656.0
3215.0,81,0,35,2157,2238,0,397.0,4.901234567901234,2.0545711794202397,35,2725.0,0.07593564862906726,35,2725.0
3220.0,79,0,42,2161,2240,0,471.0,5.962025316455696,2.193519855733963,42,2732.0,0.07447150006648919,42,2732.0
3225.0,81,0,52,2163,2244,0,550.0,6.790123456790123,1.9079740050756209,52,2706.0,0.04650366053326322,52,2706.0
3230.0,75,2,50,2169,2244,0,561.0,7.48,1.6991082910597841,50,2402.0,0.03786823376503479,50,2402.0
3235.0,78,2,43,2170,2248,0,484.0,6.205128205128205,2.2652724493493914,43,2427.0,0.06677482840929096,43,2427.0
3240.0,74,2,35,2174,2248,0,352.0,4.756756756756757,2.6422075189062375,35,2444.0,0.09466944935050202,35,2444.0
3245.0,79,5,29,2178,2257,0,293.0,3.7088607594936707,4.201456650988721,29,2388.0,0.19642007039652265,29,2388.0
3250.0,79,1,30,2182,2261,0,313.0,3.962025316455696,4.321223549563705,30,2396.0,0.1995938424136806,30,2396.0
3255.0,76,5,37,2187,2263,0,447.0,5.881578947368421,3.9616645605137735,37,2431.0,0.15300036778828716,37,2431.0
3260.0,75,1,40,2192,2267,0,469.0,6.253333333333333,3.653973854144371,40,2489.0,0.1492609786380716,40,2489.0
3265.0,74,1,43,2199,2273,0,653.0,8.824324324324325,3.003232948950312,43,2577.0,0.11744072406184451,43,2577.0
3270.0,72,0,48,2202,2274,0,695.0,9.652777777777779,2.4807245343651796,48,2518.0,0.07445521921077139,48,2518.0
3275.0,72,0,42,2206,2278,0,625.0,8.680555555555555,2.8876859040286242,42,2216.0,0.09234445198624694,42,2216.0
3280.0,72,2,38,2210,2282,0,514.0,7.138888888888889,2.8023181960444656,38,2234.0,0.11765770956217274,38,2234.0
3285.0,72,2,28,2214,2286,0,303.0,4.208333333333333,3.930397865329171,28,2254.0,0.19715519511681676,28,2254.0
3290.0,69,4,22,2217,2286,0,137.0,1.9855072463768115,3.0680372314902415,22,2272.0,0.1187637080401126,22,2272.0
3295.0,71,0,32,2223,2294,0,251.0,3.535211267605634,2.1446146384252867,32,2416.0,0.10597453376784916,32,2416.0
3300.0,69,0,40,2225,2294,0,398.0,5.768115942028985,1.3753417398067458,40,2538.0,0.06177459032307653,40,2538.0
3305.0,73,0,45,2227,2300,0,578.0,7.917808219178082,2.1801462322728593,45,2649.0,0.0927956015403326,45,2649.0
3310.0,73,0,44,2227,2300,0,778.0,10.657534246575343,2.969061188381389,44,2786.0,0.06709109342429063,44,2786.0
3315.0,79,1,38,2232,2311,0,778.0,9.848101265822784,3.5994490931089373,38,2704.0,0.1904680577733764,38,2704.0
3320.0,74,1,35,2237,2311,0,657.0,8.878378378378379,3.7386811664375035,35,2352.0,0.1995150985675823,35,2352.0
3325.0,76,3,29,2239,2315,0,541.0,7.118421052631579,2.9997795630498003,29,2240.0,0.1282754889971028,29,2240.0
3330.0,73,3,26,2242,2315,0,391.0,5.3561643835616435,3.190871004969747,26,2295.0,0.11668996275708694,26,2295.0
3335.0,72,3,21,2247,2319,0,125.0,1.7361111111111112,3.5248044862277323,21,2289.0,0.16391454735052832,21,2289.0
3340.0,70,1,29,2253,2323,0,212.0,3.0285714285714285,2.4499568220399146,29,2271.0,0.11003852180037707,29,2271.0
3345.0,74,0,43,2254,2328,0,374.0,5.054054054054054,2.159646190472636,43,2433.0,0.07744223056323325,43,2433.0
3350.0,75,0,59,2259,2334,0,635.0,8.466666666666667,1.3426390585452053,59,2694.0,0.06306805633413431,59,2694.0
3355.0,76,2,62,2260,2336,0,789.0,10.381578947368421,1.6068428601198683,62,2732.0,0.08371759972513008,62,2732.0
3360.0,76,0,53,2262,2338,0,833.0,10.960526315789474,1.8441516910189846,53,2397.0,0.07126971598063528,53,2397.0
3365.0,79,3,46,2262,2341,0,718.0,9.08860759493671,2.2084408960072666,46,2435.0,0.0789011265135133,46,2435.0
3370.0,78,1,36,2265,2343,0,500.0,6.410256410256411,2.7334982812775497,36,2493.0,0.0893879093334849,36,2493.0
3375.0,74,6,31,2270,2344,0,388.0,5.243243243243243,3.5094199348591055,31,2479.0,0.12652747597519018,31,2479.0
3380.0,74,2,29,2274,2348,0,358.0,4.837837837837838,3.7713048601425436,29,2496.0,0.13415536456909136,29,2496.0
3385.0,75,4,33,2279,2354,0,485.0,6.466666666666667,4.8537415095409315,33,2523.0,0.22424256412727345,33,2523.0
3390.0,74,2,34,2286,2360,0,440.0,5.945945945945946,4.134475422402324,34,2555.0,0.22966377246597014,34,2555.0
3395.0,73,0,42,2289,2362,0,608.0,8.32876712328767,3.374892098080202,42,2617.0,0.15143409895961726,42,2617.0
3400.0,74,1,49,2293,2367,0,648.0,8.756756756756756,1.9559829967776414,49,2563.0,0.06863681120708248,49,2563.0
3405.0,71,0,46,2297,2368,0,598.0,8.422535211267606,1.9184650126460852,46,2286.0,0.05427983748539258,46,2286.0
3410.0,74,1,41,2299,2373,0,506.0,6.837837837837838,2.1743138012528322,41,2426.0,0.07937782227182448,41,2426.0
3415.0,71,1,33,2302,2373,0,299.0,4.211267605633803,2.461048959233181,33,2461.0,0.08220462087278074,33,2461.0
3420.0,72,1,28,2305,2377,0,291.0,4.041666666666667,3.5721208179233503,28,2439.0,0.12059679695424368,28,2439.0
3425.0,74,1,30,2309,2383,0,329.0,4.445945945945946,3.2601951037553487,30,2523.0,0.1514842966493608,30,2523.0
3430.0,71,1,39,2316,2387,0,487.0,6.859154929577465,2.3076271380084563,39,2692.0,0.13467773053235713,39,2692.0
3435.0,73,0,49,2317,2390,0,575.0,7.876712328767123,1.1629366112999393,49,2639.0,0.04680675078037709,49,2639.0
3440.0,75,0,49,2319,2394,0,617.0,8.226666666666667,1.967134219231167,49,2260.0,0.07388683871059575,49,2260.0
3445.0,76,1,42,2319,2395,0,594.0,7.815789473684211,2.120467085670638,42,2295.0,0.06274291573601948,42,2295.0
3450.0,77,1,33,2322,2399,0,496.0,6.441558441558442,3.0503989845577846,33,2349.0,0.11249541341708078,33,2349.0
3455.0,72,1,29,2327,2399,0,487.0,6.763888888888889,3.583107995022655,29,2342.0,0.1260300092063664,29,2342.0
3460.0,78,1,30,2333,2411,0,566.0,7.256410256410256,4.393966869046916,30,2405.0,0.23253106663841677,30,2405.0
3465.0,74,1,31,2337,2411,0,359.0,4.851351351351352,3.8353491531658106,31,2369.0,0.19744008075791275,31,2369.0
3470.0,77,1,41,2340,2417,0,441.0,5.7272727272727275,3.396231425899706,41,2291.0,0.13562022565009146,41,2291.0
3475.0,73,0,50,2345,2418,0,672.0,9.205479452054794,2.689831608444093,50,2460.0,0.05996711614844698,50,2460.0
3480.0,74,0,51,2348,2422,0,742.0,10.027027027027026,2.3722381863086706,51,2439.0,0.0653978693242667,51,2439.0
3485.0,68,0,47,2356,2424,0,698.0,10.264705882352942,1.8970942225603082,47,2062.0,0.03900465004230215,47,2062.0
3490.0,71,0,39,2357,2428,0,548.0,7.71830985915493,2.705943008170064,39,2200.0,0.09764530050788946,39,2200.0
3495.0,71,1,29,2362,2433,0,330.0,4.647887323943662,3.1610192869094784,29,2218.0,0.14224004730737874,29,2218.0
3500.0,72,2,22,2364,2436,0,180.0,2.5,3.612397852975855,22,2258.0,0.18465007798969083,22,2258.0
3505.0,73,0,35,2367,2440,0,255.0,3.493150684931507,2.04491737440176,35,2396.0,0.08172548683136006,35,2396.0
3510.0,71,2,39,2371,2442,0,385.0,5.422535211267606,1.5009136804510002,39,2516.0,0.07686449070238013,39,2516.0
3515.0,71,0,43,2373,2444,0,547.0,7.704225352112676,1.7245755464756092,43,2599.0,0.05478596556891681,43,2599.0
3520.0,75,2,44,2373,2448,0,742.0,9.893333333333333,3.1439937271209892,44,2646.0,0.09005854478101061,44,2646.0
3525.0,72,1,44,2377,2449,0,943.0,13.097222222222221,3.5881612572773682,44,2787.0,0.12591242373070546,44,2787.0
3530.0,74,4,41,2384,2458,0,1142.0,15.432432432432432,4.593213816520321,41,2925.0,0.23885382505818967,41,2925.0
3535.0,73,1,39,2388,2461,0,1087.0,14.89041095890411,3.8220922085430007,39,2834.0,0.21366377192849254,39,2834.0
3540.0,71,2,35,2393,2464,0,874.0,12.309859154929578,3.1143655602413824,35,2346.0,0.14964315308099674,35,2346.0
3545.0,71,2,39,2395,2466,0,720.0,10.140845070422536,2.6246877027055406,39,2532.0,0.11245872007676856,39,2532.0
3550.0,70,4,40,2398,2468,0,587.0,8.385714285714286,1.9876309840789725,40,2729.0,0.08045374567793376,40,2729.0
3555.0,68,4,40,2402,2470,0,582.0,8.558823529411764,1.6091451798324576,40,2876.0,0.08228516998163994,40,2876.0
3560.0,72,2,39,2404,2476,0,631.0,8.76388888888889,2.0599998264682635,39,2975.0,0.09108607726837122,39,2975.0
3565.0,77,3,41,2404,2481,0,767.0,9.96103896103896,3.2435783821248707,41,3079.0,0.12806580596281303,41,3079.0
3570.0,76,0,41,2408,2484,0,576.0,7.578947368421052,3.1136108677739394,41,3119.0,0.1472170882549025,41,3119.0
3575.0,75,0,45,2413,2488,0,698.0,9.306666666666667,2.92272589861074,45,3085.0,0.12423478717826088,45,3085.0
3580.0,74,1,47,2415,2489,0,727.0,9.824324324324325,2.0173814195167568,47,3002.0,0.04554144808524004,47,3002.0
3585.0,72,1,48,2421,2493,0,685.0,9.51388888888889,2.3235550307906943,48,2685.0,0.07508320768590813,48,2685.0
3590.0,70,3,40,2423,2493,0,534.0,7.628571428571429,1.9552018289533875,40,2830.0,0.055515523064966245,40,2830.0
3595.0,70,3,30,2427,2497,0,342.0,4.885714285714286,2.733679450272369,30,2886.0,0.11227601025286256,30,2886.0
3600.0,68,3,28,2429,2497,0,260.0,3.823529411764706,3.3636832225817437,28,2895.0,0.10465221790930714,28,2895.0
